1.5 5.2 4.2688E-5
1.5 5.3 8.2956E-5
1.5 5.4 1.9195E-4
1.5 5.5 5.6965E-4
1.5 5.6 3.4955E-4
1.5 5.7 1.2106E-4
1.5 5.8 4.4005E-5
1.6 4.9 1.4055E-4
1.6 5 3.3393E-4
1.6 5.1 2.7902E-4
1.6 5.2 1.5147E-4
1.6 5.3 1.0883E-4
1.6 5.4 1.011E-4
1.6 5.5 1.1098E-4
1.6 5.6 1.524E-4
1.6 5.7 2.435E-4
1.6 5.8 4.5524E-4
1.6 5.9 1.8055E-4
1.6 6 6.0627E-5
1.7 4 7.2055E-5
1.7 4.1 1.685E-4
1.7 4.2 4.8639E-4
1.7 4.3 8.5291E-4
1.7 4.4 0.0011
1.7 4.5 1.5556E-4
1.7 4.9 3.8738E-5
1.7 5 1.0934E-4
1.7 5.1 3.4057E-4
1.7 5.2 0.0011
1.7 5.3 0.001
1.7 5.4 7.9344E-4
1.7 5.5 3.0016E-4
1.7 5.6 1.7934E-4
1.7 5.7 1.4428E-4
1.7 5.8 1.5095E-4
1.7 5.9 2.3193E-4
1.7 6 2.7548E-4
1.7 6.1 9.809E-5
1.8 3.2 3.6396E-5
1.8 3.3 3.3339E-5
1.8 3.7 1.458E-4
1.8 3.8 7.8999E-4
1.8 3.9 5.5481E-4
1.8 4 2.8316E-4
1.8 4.1 1.4306E-4
1.8 4.2 9.5994E-5
1.8 4.3 6.8803E-5
1.8 4.4 4.8704E-5
1.8 4.7 5.2099E-5
1.8 4.8 2.8167E-4
1.8 4.9 2.2765E-4
1.8 5 1.892E-4
1.8 5.1 2.1334E-4
1.8 5.2 2.9545E-4
1.8 5.3 5.4933E-4
1.8 5.4 0.0014
1.8 5.5 0.0016
1.8 5.6 0.0012
1.8 5.7 3.6465E-4
1.8 5.8 1.8969E-4
1.8 5.9 1.6951E-4
1.8 6 2.7848E-4
1.8 6.1 1.5309E-4
1.8 6.2 6.4284E-5
1.9 2.8 3.8193E-5
1.9 2.9 9.0143E-5
1.9 3 2.1944E-4
1.9 3.1 7.7877E-4
1.9 3.2 8.9543E-4
1.9 3.3 7.5176E-4
1.9 3.4 8.0526E-5
1.9 3.8 5.0525E-5
1.9 3.9 1.0015E-4
1.9 4 2.186E-4
1.9 4.1 6.0173E-4
1.9 4.2 0.0014
1.9 4.3 3.8789E-4
1.9 4.4 8.5669E-5
1.9 4.8 1.3601E-4
1.9 4.9 6.1319E-4
1.9 5 0.0023
1.9 5.1 0.0015
1.9 5.2 6.9592E-4
1.9 5.3 5.4584E-4
1.9 5.4 6.6201E-4
1.9 5.5 0.0013
1.9 5.6 0.0017
1.9 5.7 9.6368E-4
1.9 5.8 4.7121E-4
1.9 5.9 3.2792E-4
1.9 6 2.236E-4
1.9 6.1 1.5829E-4
1.9 6.2 9.1854E-5
1.9 6.3 3.6459E-5
2 2.6 1.7127E-4
2 2.7 9.7492E-4
2 2.8 4.2698E-4
2 2.9 1.7468E-4
2 3 9.3343E-5
2 3.1 5.7821E-5
2 3.2 3.5434E-5
2 3.6 1.1563E-4
2 3.7 4.1792E-4
2 3.8 7.0638E-4
2 3.9 2.8464E-4
2 4 1.665E-4
2 4.1 1.2152E-4
2 4.2 1.0084E-4
2 4.3 9.2423E-5
2 4.4 7.9306E-5
2 4.6 7.4571E-5
2 4.7 1.6421E-4
2 4.8 2.029E-4
2 4.9 3.4354E-4
2 5 8.3418E-4
2 5.1 0.0031
2 5.2 0.0028
2 5.3 0.0012
2 5.4 0.0013
2 5.5 0.0015
2 5.6 0.0015
2 5.7 0.0012
2 5.8 8.9898E-4
2 5.9 5.1957E-4
2 6 2.8228E-4
2 6.1 1.6239E-4
2 6.2 8.2397E-5
2 6.3 3.5623E-5
2.1 -2.1  3.3775E-5
2.1 2 7.7832E-5
2.1 2.1 2.6394E-4
2.1 2.2 5.9707E-5
2.1 2.8 4.4479E-5
2.1 2.9 6.9217E-5
2.1 3 1.191E-4
2.1 3.1 2.8542E-4
2.1 3.2 3.249E-4
2.1 3.3 9.6424E-5
2.1 3.7 6.585E-5
2.1 3.8 1.4153E-4
2.1 3.9 3.7767E-4
2.1 4 0.0012
2.1 4.1 9.9065E-4
2.1 4.2 3.2605E-4
2.1 4.3 6.3353E-5
2.1 4.6 2.3648E-4
2.1 4.7 8.5342E-4
2.1 4.8 9.4192E-4
2.1 4.9 7.6443E-4
2.1 5 0.0016
2.1 5.1 0.0024
2.1 5.2 0.0028
2.1 5.3 0.0027
2.1 5.4 0.0024
2.1 5.5 0.0019
2.1 5.6 0.0014
2.1 5.7 0.0012
2.1 5.8 9.5876E-4
2.1 5.9 6.485E-4
2.1 6 3.9176E-4
2.1 6.1 2.092E-4
2.1 6.2 9.6771E-5
2.1 6.3 3.6434E-5
2.2 1.6 3.9236E-5
2.2 1.7 5.8318E-5
2.2 2.6 1.1264E-4
2.2 2.7 7.5284E-4
2.2 2.8 6.313E-4
2.2 2.9 1.9713E-4
2.2 3 7.1172E-5
2.2 3.5 1.2185E-4
2.2 3.6 5.3666E-4
2.2 3.7 5.7939E-4
2.2 3.8 2.5563E-4
2.2 3.9 1.8547E-4
2.2 4 1.9414E-4
2.2 4.1 2.8325E-4
2.2 4.2 3.6805E-4
2.2 4.3 1.1896E-4
2.2 4.5 4.7176E-5
2.2 4.6 3.6478E-4
2.2 4.7 9.5414E-4
2.2 4.8 0.0015
2.2 4.9 0.002
2.2 5 0.0025
2.2 5.1 0.0028
2.2 5.2 0.003
2.2 5.3 0.0031
2.2 5.4 0.0032
2.2 5.5 0.0027
2.2 5.6 0.0021
2.2 5.7 0.0015
2.2 5.8 0.001
2.2 5.9 6.5582E-4
2.2 6 3.7957E-4
2.2 6.1 1.9602E-4
2.2 6.2 8.6162E-5
2.3 2.4 7.2943E-5
2.3 2.5 3.8746E-5
2.3 2.6 3.6845E-5
2.3 2.7 3.9466E-5
2.3 2.8 4.4585E-5
2.3 2.9 5.5694E-5
2.3 3 8.1899E-5
2.3 3.1 1.5808E-4
2.3 3.2 6.9744E-5
2.3 3.5 4.1048E-5
2.3 3.6 1.1045E-4
2.3 3.7 4.0371E-4
2.3 3.8 0.0012
2.3 3.9 7.1161E-4
2.3 4 2.3608E-4
2.3 4.1 1.5262E-4
2.3 4.2 1.1103E-4
2.3 4.4 3.5667E-5
2.3 4.5 2.5023E-4
2.3 4.6 6.6719E-4
2.3 4.7 0.0013
2.3 4.8 0.002
2.3 4.9 0.0028
2.3 5 0.0035
2.3 5.1 0.0039
2.3 5.2 0.0038
2.3 5.3 0.0036
2.3 5.4 0.0032
2.3 5.5 0.0027
2.3 5.6 0.0022
2.3 5.7 0.0016
2.3 5.8 0.0011
2.3 5.9 7.101E-4
2.3 6 4.0269E-4
2.3 6.1 1.9762E-4
2.3 6.2 7.8648E-5
2.4 1.7 1.0417E-4
2.4 1.8 1.7838E-4
2.4 1.9 1.2188E-4
2.4 2.6 1.1156E-4
2.4 2.7 4.6554E-4
2.4 2.8 3.5938E-4
2.4 2.9 1.0488E-4
2.4 3 3.4915E-5
2.4 3.4 2.0659E-4
2.4 3.5 2.0205E-4
2.4 3.6 1.4763E-4
2.4 3.7 1.9891E-4
2.4 3.8 5.3157E-4
2.4 3.9 6.9275E-4
2.4 4 4.0524E-4
2.4 4.1 2.0499E-4
2.4 4.2 5.3657E-5
2.4 4.4 1.4408E-4
2.4 4.5 5.2145E-4
2.4 4.6 0.0011
2.4 4.7 0.0019
2.4 4.8 0.0027
2.4 4.9 0.0033
2.4 5 0.0039
2.4 5.1 0.0044
2.4 5.2 0.0045
2.4 5.3 0.0043
2.4 5.4 0.0039
2.4 5.5 0.0032
2.4 5.6 0.0025
2.4 5.7 0.0018
2.4 5.8 0.0012
2.4 5.9 6.945E-4
2.4 6 3.6551E-4
2.4 6.1 1.636E-4
2.4 6.2 5.5741E-5
2.5 1.4 8.424E-5
2.5 2.3 4.7682E-5
2.5 2.4 8.9532E-5
2.5 2.5 4.1925E-5
2.5 2.6 3.8376E-5
2.5 2.7 4.7786E-5
2.5 2.8 8.2957E-5
2.5 2.9 2.0699E-4
2.5 3 1.1351E-4
2.5 3.4 1.5652E-4
2.5 3.5 3.4128E-4
2.5 3.6 4.1988E-4
2.5 3.7 4.7284E-4
2.5 3.8 4.874E-4
2.5 3.9 4.2069E-4
2.5 4 2.761E-4
2.5 4.1 1.0949E-4
2.5 4.3 5.73E-5
2.5 4.4 3.2337E-4
2.5 4.5 8.3323E-4
2.5 4.6 0.0016
2.5 4.7 0.0025
2.5 4.8 0.0035
2.5 4.9 0.0044
2.5 5 0.005
2.5 5.1 0.0053
2.5 5.2 0.0051
2.5 5.3 0.0047
2.5 5.4 0.004
2.5 5.5 0.0032
2.5 5.6 0.0024
2.5 5.7 0.0017
2.5 5.8 0.0011
2.5 5.9 6.2169E-4
2.5 6 3.1177E-4
2.5 6.1 1.2779E-4
2.5 6.2 3.6207E-5
2.6 2.4 4.4866E-5
2.6 2.5 1.6586E-4
2.6 2.6 2.8458E-4
2.6 2.7 8.1986E-5
2.6 2.8 3.8744E-5
2.6 3.3 7.1853E-5
2.6 3.4 1.7147E-4
2.6 3.5 2.9716E-4
2.6 3.6 4.0936E-4
2.6 3.7 4.6352E-4
2.6 3.8 4.3231E-4
2.6 3.9 3.211E-4
2.6 4 1.6617E-4
2.6 4.1 3.6328E-5
2.6 4.3 1.9156E-4
2.6 4.4 6.3766E-4
2.6 4.5 0.0014
2.6 4.6 0.0023
2.6 4.7 0.0032
2.6 4.8 0.0042
2.6 4.9 0.0049
2.6 5 0.0054
2.6 5.1 0.0055
2.6 5.2 0.0053
2.6 5.3 0.0048
2.6 5.4 0.0041
2.6 5.5 0.0033
2.6 5.6 0.0024
2.6 5.7 0.0017
2.6 5.8 0.001
2.6 5.9 5.6314E-4
2.6 6 2.5507E-4
2.6 6.1 8.896E-5
2.6 6.6 3.7129E-5
2.6 6.7 3.7846E-5
2.7 2.5 3.4357E-5
2.7 2.6 8.9927E-5
2.7 2.7 1.6019E-4
2.7 2.8 6.0736E-5
2.7 3.2 3.6915E-5
2.7 3.3 1.134E-4
2.7 3.4 2.1857E-4
2.7 3.5 3.2713E-4
2.7 3.6 4.0345E-4
2.7 3.7 4.138E-4
2.7 3.8 3.4934E-4
2.7 3.9 2.215E-4
2.7 4 7.8495E-5
2.7 4.2 8.3797E-5
2.7 4.3 3.8605E-4
2.7 4.4 9.4574E-4
2.7 4.5 0.0018
2.7 4.6 0.0027
2.7 4.7 0.0038
2.7 4.8 0.0048
2.7 4.9 0.0056
2.7 5 0.0061
2.7 5.1 0.0061
2.7 5.2 0.0058
2.7 5.3 0.0051
2.7 5.4 0.0042
2.7 5.5 0.0033
2.7 5.6 0.0023
2.7 5.7 0.0015
2.7 5.8 8.6725E-4
2.7 5.9 4.3633E-4
2.7 6 1.7546E-4
2.7 6.1 4.8329E-5
2.7 6.5 4.5687E-5
2.7 6.6 5.3283E-5
2.7 6.7 5.0729E-5
2.7 6.8 4.0731E-5
2.8 2.3 5.4141E-5
2.8 2.4 4.2232E-5
2.8 2.5 5.1784E-5
2.8 2.6 5.9187E-5
2.8 2.7 5.3805E-5
2.8 2.8 3.5147E-5
2.8 3.2 6.3834E-5
2.8 3.3 1.4495E-4
2.8 3.4 2.418E-4
2.8 3.5 3.2675E-4
2.8 3.6 3.6687E-4
2.8 3.7 3.3901E-4
2.8 3.8 2.454E-4
2.8 3.9 1.1823E-4
2.8 4.2 2.116E-4
2.8 4.3 6.5233E-4
2.8 4.4 0.0014
2.8 4.5 0.0023
2.8 4.6 0.0034
2.8 4.7 0.0046
2.8 4.8 0.0055
2.8 4.9 0.0062
2.8 5 0.0064
2.8 5.1 0.0063
2.8 5.2 0.0057
2.8 5.3 0.0049
2.8 5.4 0.0039
2.8 5.5 0.0029
2.8 5.6 0.002
2.8 5.7 0.0013
2.8 5.8 7.0198E-4
2.8 5.9 3.2416E-4
2.8 6 1.1278E-4
2.8 6.4 5.1118E-5
2.8 6.5 6.8395E-5
2.8 6.6 7.117E-5
2.8 6.7 6.2168E-5
2.8 6.8 4.6645E-5
2.9 2.4 4.0052E-5
2.9 2.5 4.7204E-5
2.9 2.6 4.5107E-5
2.9 3.2 8.4639E-5
2.9 3.3 1.5941E-4
2.9 3.4 2.3503E-4
2.9 3.5 2.873E-4
2.9 3.6 2.9462E-4
2.9 3.7 2.4372E-4
2.9 3.8 1.4947E-4
2.9 3.9 4.7058E-5
2.9 4.1 1.0118E-4
2.9 4.2 4.1254E-4
2.9 4.3 9.838E-4
2.9 4.4 0.0018
2.9 4.5 0.0028
2.9 4.6 0.0039
2.9 4.7 0.0049
2.9 4.8 0.0057
2.9 4.9 0.0062
2.9 5 0.0063
2.9 5.1 0.0061
2.9 5.2 0.0055
2.9 5.3 0.0046
2.9 5.4 0.0037
2.9 5.5 0.0027
2.9 5.6 0.0018
2.9 5.7 0.0011
2.9 5.8 5.3951E-4
2.9 5.9 2.1847E-4
2.9 6 5.6281E-5
2.9 6.3 4.7558E-5
2.9 6.4 7.5419E-5
2.9 6.5 8.837E-5
2.9 6.6 8.4359E-5
2.9 6.7 6.9166E-5
2.9 6.8 4.9256E-5
3 3.1 4.3733E-5
3 3.2 9.6609E-5
3 3.3 1.6099E-4
3 3.4 2.192E-4
3 3.5 2.4964E-4
3 3.6 2.34E-4
3 3.7 1.6854E-4
3 3.8 7.6248E-5
3 4.1 2.2186E-4
3 4.2 6.282E-4
3 4.3 0.0013
3 4.4 0.0021
3 4.5 0.0032
3 4.6 0.0042
3 4.7 0.0052
3 4.8 0.006
3 4.9 0.0064
3 5 0.0064
3 5.1 0.006
3 5.2 0.0053
3 5.3 0.0043
3 5.4 0.0033
3 5.5 0.0023
3 5.6 0.0014
3 5.7 8.0421E-4
3 5.8 3.6841E-4
3 5.9 1.2293E-4
3 6.2 3.774E-5
3 6.3 7.6366E-5
3 6.4 1.027E-4
3 6.5 1.0886E-4
3 6.6 9.7412E-5
3 6.7 7.5417E-5
3 6.8 5.0381E-5
3.1 3.1 5.4468E-5
3.1 3.2 1.0287E-4
3.1 3.3 1.5363E-4
3.1 3.4 1.897E-4
3.1 3.5 1.9284E-4
3.1 3.6 1.569E-4
3.1 3.7 9.1E-5
3.1 4 9.7243E-5
3.1 4.1 3.6551E-4
3.1 4.2 8.5421E-4
3.1 4.3 0.0016
3.1 4.4 0.0025
3.1 4.5 0.0035
3.1 4.6 0.0046
3.1 4.7 0.0054
3.1 4.8 0.006
3.1 4.9 0.0062
3.1 5 0.006
3.1 5.1 0.0055
3.1 5.2 0.0047
3.1 5.3 0.0037
3.1 5.4 0.0027
3.1 5.5 0.0018
3.1 5.6 0.0011
3.1 5.7 5.6369E-4
3.1 5.8 2.2654E-4
3.1 5.9 5.6185E-5
3.1 6.2 6.9566E-5
3.1 6.3 1.0961E-4
3.1 6.4 1.2919E-4
3.1 6.5 1.2579E-4
3.1 6.6 1.0493E-4
3.1 6.7 7.5759E-5
3.1 6.8 4.6902E-5
3.2 -5  7.2923E-5
3.2 3.1 5.6771E-5
3.2 3.2 9.3425E-5
3.2 3.3 1.2663E-4
3.2 3.4 1.4398E-4
3.2 3.5 1.3393E-4
3.2 3.6 9.4331E-5
3.2 3.7 3.9503E-5
3.2 3.9 3.5232E-5
3.2 4 1.9621E-4
3.2 4.1 5.394E-4
3.2 4.2 0.0011
3.2 4.3 0.0018
3.2 4.4 0.0027
3.2 4.5 0.0037
3.2 4.6 0.0046
3.2 4.7 0.0053
3.2 4.8 0.0057
3.2 4.9 0.0057
3.2 5 0.0054
3.2 5.1 0.0049
3.2 5.2 0.0041
3.2 5.3 0.0031
3.2 5.4 0.0022
3.2 5.5 0.0014
3.2 5.6 8.1953E-4
3.2 5.7 3.8066E-4
3.2 5.8 1.259E-4
3.2 6.1 5.3854E-5
3.2 6.2 1.0425E-4
3.2 6.3 1.386E-4
3.2 6.4 1.4719E-4
3.2 6.5 1.3249E-4
3.2 6.6 1.0353E-4
3.2 6.7 6.9996E-5
3.2 6.8 4.0157E-5
3.3 -5.2  4.2165E-5
3.3 3.1 5.2129E-5
3.3 3.2 7.9195E-5
3.3 3.3 9.9924E-5
3.3 3.4 1.0494E-4
3.3 3.5 8.6279E-5
3.3 3.6 4.8538E-5
3.3 3.9 8.4943E-5
3.3 4 2.9621E-4
3.3 4.1 6.7416E-4
3.3 4.2 0.0012
3.3 4.3 0.002
3.3 4.4 0.0028
3.3 4.5 0.0036
3.3 4.6 0.0044
3.3 4.7 0.005
3.3 4.8 0.0053
3.3 4.9 0.0052
3.3 5 0.0049
3.3 5.1 0.0043
3.3 5.2 0.0035
3.3 5.3 0.0026
3.3 5.4 0.0018
3.3 5.5 0.0011
3.3 5.6 5.4496E-4
3.3 5.7 2.1526E-4
3.3 5.8 5.0715E-5
3.3 6 3.4366E-5
3.3 6.1 8.7771E-5
3.3 6.2 1.3594E-4
3.3 6.3 1.6067E-4
3.3 6.4 1.5758E-4
3.3 6.5 1.3373E-4
3.3 6.6 9.8561E-5
3.3 6.7 6.2038E-5
3.4 3.1 4.4689E-5
3.4 3.2 6.2343E-5
3.4 3.3 7.2338E-5
3.4 3.4 6.7827E-5
3.4 3.5 4.6844E-5
3.4 3.9 1.4454E-4
3.4 4 3.8882E-4
3.4 4.1 7.8578E-4
3.4 4.2 0.0013
3.4 4.3 0.002
3.4 4.4 0.0028
3.4 4.5 0.0036
3.4 4.6 0.0042
3.4 4.7 0.0046
3.4 4.8 0.0048
3.4 4.9 0.0046
3.4 5 0.0042
3.4 5.1 0.0035
3.4 5.2 0.0028
3.4 5.3 0.002
3.4 5.4 0.0013
3.4 5.5 7.2148E-4
3.4 5.6 3.305E-4
3.4 5.7 1.0748E-4
3.4 6 6.6128E-5
3.4 6.1 1.2428E-4
3.4 6.2 1.6546E-4
3.4 6.3 1.7806E-4
3.4 6.4 1.626E-4
3.4 6.5 1.2866E-4
3.4 6.6 8.7958E-5
3.4 6.7 5.0586E-5
3.5 3.2 4.2686E-5
3.5 3.3 4.5254E-5
3.5 3.4 3.7258E-5
3.5 3.8 6.1375E-5
3.5 3.9 2.0232E-4
3.5 4 4.6247E-4
3.5 4.1 8.5924E-4
3.5 4.2 0.0014
3.5 4.3 0.002
3.5 4.4 0.0027
3.5 4.5 0.0033
3.5 4.6 0.0038
3.5 4.7 0.004
3.5 4.8 0.0041
3.5 4.9 0.0038
3.5 5 0.0034
3.5 5.1 0.0028
3.5 5.2 0.0021
3.5 5.3 0.0015
3.5 5.4 8.9753E-4
3.5 5.5 4.6208E-4
3.5 5.6 1.7904E-4
3.5 5.7 3.8892E-5
3.5 5.9 4.1721E-5
3.5 6 1.0214E-4
3.5 6.1 1.5512E-4
3.5 6.2 1.8345E-4
3.5 6.3 1.8039E-4
3.5 6.4 1.5403E-4
3.5 6.5 1.1368E-4
3.5 6.6 7.1858E-5
3.5 6.7 3.7219E-5
3.6 3.8 9.4072E-5
3.6 3.9 2.4547E-4
3.6 4 5.0099E-4
3.6 4.1 8.6571E-4
3.6 4.2 0.0013
3.6 4.3 0.0019
3.6 4.4 0.0024
3.6 4.5 0.0029
3.6 4.6 0.0032
3.6 4.7 0.0034
3.6 4.8 0.0034
3.6 4.9 0.0031
3.6 5 0.0027
3.6 5.1 0.0022
3.6 5.2 0.0016
3.6 5.3 0.001
3.6 5.4 5.9294E-4
3.6 5.5 2.7017E-4
3.6 5.6 8.2089E-5
3.6 5.9 7.3004E-5
3.6 6 1.3238E-4
3.6 6.1 1.7413E-4
3.6 6.2 1.8764E-4
3.6 6.3 1.7274E-4
3.6 6.4 1.3784E-4
3.6 6.5 9.5015E-5
3.6 6.6 5.4814E-5
3.7 3.7 3.6278E-5
3.7 3.8 1.1417E-4
3.7 3.9 2.5992E-4
3.7 4 4.9016E-4
3.7 4.1 8.1015E-4
3.7 4.2 0.0012
3.7 4.3 0.0017
3.7 4.4 0.0021
3.7 4.5 0.0025
3.7 4.6 0.0027
3.7 4.7 0.0028
3.7 4.8 0.0027
3.7 4.9 0.0025
3.7 5 0.0021
3.7 5.1 0.0016
3.7 5.2 0.0011
3.7 5.3 6.8412E-4
3.7 5.4 3.4968E-4
3.7 5.5 1.3231E-4
3.7 5.8 4.4754E-5
3.7 5.9 1.0307E-4
3.7 6 1.5507E-4
3.7 6.1 1.8366E-4
3.7 6.2 1.8326E-4
3.7 6.3 1.5812E-4
3.7 6.4 1.1811E-4
3.7 6.5 7.5136E-5
3.7 6.6 3.8802E-5
3.8 3.7 4.5821E-5
3.8 3.8 1.2213E-4
3.8 3.9 2.5651E-4
3.8 4 4.6023E-4
3.8 4.1 7.3303E-4
3.8 4.2 0.0011
3.8 4.3 0.0014
3.8 4.4 0.0017
3.8 4.5 0.002
3.8 4.6 0.0022
3.8 4.7 0.0022
3.8 4.8 0.0021
3.8 4.9 0.0018
3.8 5 0.0015
3.8 5.1 0.0011
3.8 5.2 7.3307E-4
3.8 5.3 4.1629E-4
3.8 5.4 1.8771E-4
3.8 5.5 5.6778E-5
3.8 5.8 7.2247E-5
3.8 5.9 1.279E-4
3.8 6 1.6827E-4
3.8 6.1 1.8234E-4
3.8 6.2 1.6894E-4
3.8 6.3 1.3552E-4
3.8 6.4 9.3459E-5
3.8 6.5 5.364E-5
3.9 3.7 4.91E-5
3.9 3.8 1.1677E-4
3.9 3.9 2.3005E-4
3.9 4 3.9568E-4
3.9 4.1 6.1213E-4
3.9 4.2 8.6611E-4
3.9 4.3 0.0011
3.9 4.4 0.0014
3.9 4.5 0.0016
3.9 4.6 0.0016
3.9 4.7 0.0016
3.9 4.8 0.0015
3.9 4.9 0.0013
3.9 5 0.001
3.9 5.1 7.3449E-4
3.9 5.2 4.6046E-4
3.9 5.3 2.3763E-4
3.9 5.4 8.7709E-5
3.9 5.7 4.3336E-5
3.9 5.8 9.4971E-5
3.9 5.9 1.4031E-4
3.9 6 1.6567E-4
3.9 6.1 1.6575E-4
3.9 6.2 1.4377E-4
3.9 6.3 1.0766E-4
3.9 6.4 6.8401E-5
3.9 6.5 3.4721E-5
3.9 7.2 3.4705E-5
3.9 7.3 3.3421E-5
4 3.7 4.3994E-5
4 3.8 9.8178E-5
4 3.9 1.8599E-4
4 4 3.1218E-4
4 4.1 4.7484E-4
4 4.2 6.6206E-4
4 4.3 8.5465E-4
4 4.4 0.001
4 4.5 0.0012
4 4.6 0.0012
4 4.7 0.0012
4 4.8 0.0011
4 4.9 9.0026E-4
4 5 6.8312E-4
4 5.1 4.6035E-4
4 5.2 2.6599E-4
4 5.3 1.1965E-4
4 5.7 6.2489E-5
4 5.8 1.0814E-4
4 5.9 1.4165E-4
4 6 1.5392E-4
4 6.1 1.4413E-4
4 6.2 1.1695E-4
4 6.3 8.1253E-5
4 6.4 4.6705E-5
4 7.1 3.5669E-5
4 7.2 3.6898E-5
4 7.3 3.3338E-5
4.1 3.8 7.2076E-5
4.1 3.9 1.3532E-4
4.1 4 2.2674E-4
4.1 4.1 3.4507E-4
4.1 4.2 4.8075E-4
4.1 4.3 6.1735E-4
4.1 4.4 7.3698E-4
4.1 4.5 8.1904E-4
4.1 4.6 8.453E-4
4.1 4.7 8.0943E-4
4.1 4.8 7.1558E-4
4.1 4.9 5.7858E-4
4.1 5 4.2017E-4
4.1 5.1 2.6529E-4
4.1 5.2 1.3754E-4
4.1 5.3 4.9697E-5
4.1 5.6 3.6158E-5
4.1 5.7 7.6216E-5
4.1 5.8 1.1286E-4
4.1 5.9 1.3431E-4
4.1 6 1.3524E-4
4.1 6.1 1.1839E-4
4.1 6.2 8.947E-5
4.1 6.3 5.6731E-5
4.1 7 3.4117E-5
4.1 7.1 3.8052E-5
4.1 7.2 3.6867E-5
4.2 3.8 4.6618E-5
4.2 3.9 8.8618E-5
4.2 4 1.506E-4
4.2 4.1 2.3192E-4
4.2 4.2 3.2294E-4
4.2 4.3 4.1212E-4
4.2 4.4 4.8924E-4
4.2 4.5 5.3928E-4
4.2 4.6 5.4977E-4
4.2 4.7 5.1816E-4
4.2 4.8 4.4758E-4
4.2 4.9 3.5002E-4
4.2 5 2.4176E-4
4.2 5.1 1.4117E-4
4.2 5.2 6.2793E-5
4.2 5.6 4.8324E-5
4.2 5.7 8.2122E-5
4.2 5.8 1.0798E-4
4.2 5.9 1.1822E-4
4.2 6 1.1132E-4
4.2 6.1 9.0814E-5
4.2 6.2 6.3057E-5
4.2 6.3 3.5856E-5
4.2 7 3.7106E-5
4.2 7.1 3.8716E-5
4.2 7.2 3.5325E-5
4.3 3.9 4.7884E-5
4.3 4 8.5519E-5
4.3 4.1 1.3557E-4
4.3 4.2 1.9344E-4
4.3 4.3 2.5062E-4
4.3 4.4 2.9971E-4
4.3 4.5 3.3188E-4
4.3 4.6 3.3691E-4
4.3 4.7 3.1326E-4
4.3 4.8 2.653E-4
4.3 4.9 1.9996E-4
4.3 5 1.2978E-4
4.3 5.1 6.8111E-5
4.3 5.6 5.3983E-5
4.3 5.7 7.9261E-5
4.3 5.8 9.4696E-5
4.3 5.9 9.6404E-5
4.3 6 8.4931E-5
4.3 6.1 6.4551E-5
4.3 6.2 4.0969E-5
4.3 6.9 3.4032E-5
4.3 7 3.8138E-5
4.3 7.1 3.7117E-5
4.4 4 3.98E-5
4.4 4.1 6.8095E-5
4.4 4.2 1.0263E-4
4.4 4.3 1.3877E-4
4.4 4.4 1.7004E-4
4.4 4.5 1.9006E-4
4.4 4.6 1.931E-4
4.4 4.7 1.7764E-4
4.4 4.8 1.4621E-4
4.4 4.9 1.0497E-4
4.4 5 6.2629E-5
4.4 5.6 5.3077E-5
4.4 5.7 7.028E-5
4.4 5.8 7.7935E-5
4.4 5.9 7.4584E-5
4.4 6 6.169E-5
4.4 6.1 4.322E-5
4.4 6.9 3.4727E-5
4.4 7 3.6381E-5
4.5 4.2 4.5707E-5
4.5 4.3 6.6955E-5
4.5 4.4 8.4713E-5
4.5 4.5 9.6648E-5
4.5 4.6 9.9287E-5
4.5 4.7 9.0224E-5
4.5 4.8 7.2412E-5
4.5 4.9 4.9139E-5
4.5 5.6 4.7891E-5
4.5 5.7 5.8202E-5
4.5 5.8 6.0351E-5
4.5 5.9 5.3994E-5
4.5 6 4.1477E-5
4.5 6.9 3.3489E-5
4.6 4.4 3.4736E-5
4.6 4.5 4.2342E-5
4.6 4.6 4.4824E-5
4.6 4.7 4.1171E-5
4.6 5.6 3.9139E-5
4.6 5.7 4.4419E-5
4.6 5.8 4.3199E-5
4.6 5.9 3.6174E-5
5.1 3.7 3.4536E-5
5.1 3.8 3.4064E-5
6 12.8  3.4125E-5
6 12.9  4.118E-5
6 13  4.4778E-5
6 13.1  4.4478E-5
6 13.2  4.0677E-5
6 13.3  3.4293E-5
6.1 12.7  4.2684E-5
6.1 12.8  5.547E-5
6.1 12.9  6.4493E-5
6.1 13  6.8406E-5
6.1 13.1  6.6733E-5
6.1 13.2  6.0202E-5
6.1 13.3  5.0325E-5
6.1 13.4  3.8909E-5
6.2 12.6  4.8889E-5
6.2 12.7  6.8496E-5
6.2 12.8  8.5086E-5
6.2 12.9  9.5709E-5
6.2 13  9.8993E-5
6.2 13.1  9.4744E-5
6.2 13.2  8.4259E-5
6.2 13.3  6.966E-5
6.2 13.4  5.3429E-5
6.2 13.5  3.7872E-5
6.3 12.5  5.1384E-5
6.3 12.6  7.7839E-5
6.3 12.7  1.0324E-4
6.3 12.8  1.2341E-4
6.3 12.9  1.3483E-4
6.3 13  1.3641E-4
6.3 13.1  1.2798E-4
6.3 13.2  1.119E-4
6.3 13.3  9.0929E-5
6.3 13.4  6.8502E-5
6.3 13.5  4.766E-5
6.4 12.4  4.9952E-5
6.4 12.5  8.2363E-5
6.4 12.6  1.1701E-4
6.4 12.7  1.4801E-4
6.4 12.8  1.7054E-4
6.4 12.9  1.8104E-4
6.4 13  1.784E-4
6.4 13.1  1.6377E-4
6.4 13.2  1.399E-4
6.4 13.3  1.1183E-4
6.4 13.4  8.2692E-5
6.4 13.5  5.6457E-5
6.4 13.6  3.5069E-5
6.5 12.3  4.4155E-5
6.5 12.4  8.0196E-5
6.5 12.5  1.2255E-4
6.5 12.6  1.6485E-4
6.5 12.7  2.002E-4
6.5 12.8  2.2366E-4
6.5 12.9  2.3125E-4
6.5 13  2.2276E-4
6.5 13.1  2.0016E-4
6.5 13.2  1.6775E-4
6.5 13.3  1.3083E-4
6.5 13.4  9.4389E-5
6.5 13.5  6.252E-5
6.5 13.6  3.7597E-5
6.6 12.2  3.5614E-5
6.6 12.3  7.2959E-5
6.6 12.4  1.2059E-4
6.6 12.5  1.7269E-4
6.6 12.6  2.2184E-4
6.6 12.7  2.5999E-4
6.6 12.8  2.8184E-4
6.6 12.9  2.8388E-4
6.6 13  2.6736E-4
6.6 13.1  2.3491E-4
6.6 13.2  1.9266E-4
6.6 13.3  1.4691E-4
6.6 13.4  1.0317E-4
6.6 13.5  6.602E-5
6.6 13.6  3.772E-5
6.7 12.2  6.1137E-5
6.7 12.3  1.1098E-4
6.7 12.4  1.7017E-4
6.7 12.5  2.3125E-4
6.7 12.6  2.8526E-4
6.7 12.7  3.2386E-4
6.7 12.8  3.4128E-4
6.7 12.9  3.3542E-4
6.7 13  3.0773E-4
6.7 13.1  2.641E-4
6.7 13.2  2.1076E-4
6.7 13.3  1.5586E-4
6.7 13.4  1.0566E-4
6.7 13.5  6.477E-5
6.7 13.6  3.506E-5
6.8 12.1  4.7624E-5
6.8 12.2  9.5475E-5
6.8 12.3  1.5803E-4
6.8 12.4  2.2745E-4
6.8 12.5  2.9556E-4
6.8 12.6  3.5173E-4
6.8 12.7  3.8707E-4
6.8 12.8  3.9662E-4
6.8 12.9  3.7963E-4
6.8 13  3.4004E-4
6.8 13.1  2.8409E-4
6.8 13.2  2.2058E-4
6.8 13.3  1.5813E-4
6.8 13.4  1.0321E-4
6.8 13.5  6.0077E-5
6.9 12.1  7.6189E-5
6.9 12.2  1.371E-4
6.9 12.3  2.11E-4
6.9 12.4  2.8909E-4
6.9 12.5  3.6016E-4
6.9 12.6  4.1438E-4
6.9 12.7  4.4316E-4
6.9 12.8  4.4269E-4
6.9 12.9  4.1355E-4
6.9 13  3.6097E-4
6.9 13.1  2.9366E-4
6.9 13.2  2.2108E-4
6.9 13.3  1.5306E-4
6.9 13.4  9.534E-5
6.9 13.5  5.2116E-5
7 12  5.5973E-5
7 12.1  1.1159E-4
7 12.2  1.8392E-4
7 12.3  2.673E-4
7 12.4  3.5082E-4
7 12.5  4.2255E-4
7 12.6  4.7204E-4
7 12.7  4.9117E-4
7 12.8  4.7823E-4
7 12.9  4.3531E-4
7 13  3.7003E-4
7 13.1  2.9228E-4
7 13.2  2.1273E-4
7 13.3  1.4084E-4
7 13.4  8.3063E-5
7 13.5  4.171E-5
7.1 11.9  3.7346E-5
7.1 12  8.438E-5
7.1 12.1  1.5201E-4
7.1 12.2  2.3455E-4
7.1 12.3  3.2448E-4
7.1 12.4  4.0926E-4
7.1 12.5  4.7708E-4
7.1 12.6  5.1784E-4
7.1 12.7  5.2415E-4
7.1 12.8  4.9759E-4
7.1 12.9  4.4067E-4
7.1 13  3.6398E-4
7.1 13.1  2.7796E-4
7.1 13.2  1.942E-4
7.1 13.3  1.2216E-4
7.1 13.4  6.6957E-5
7.2 11.9  5.9724E-5
7.2 12  1.1742E-4
7.2 12.1  1.945E-4
7.2 12.2  2.8399E-4
7.2 12.3  3.7619E-4
7.2 12.4  4.5847E-4
7.2 12.5  5.1838E-4
7.2 12.6  5.4675E-4
7.2 12.7  5.392E-4
7.2 12.8  4.9763E-4
7.2 12.9  4.285E-4
7.2 13  3.4254E-4
7.2 13.1  2.5249E-4
7.2 13.2  1.6874E-4
7.2 13.3  1.0014E-4
7.2 13.4  5.0294E-5
7.3 11.8  3.8043E-5
7.3 11.9  8.448E-5
7.3 12  1.5132E-4
7.3 12.1  2.3513E-4
7.3 12.2  3.2693E-4
7.3 12.3  4.171E-4
7.3 12.4  4.9227E-4
7.3 12.5  5.4045E-4
7.3 12.6  5.5577E-4
7.3 12.7  5.3422E-4
7.3 12.8  4.8009E-4
7.3 12.9  4.0178E-4
7.3 13  3.1071E-4
7.3 13.1  2.1999E-4
7.3 13.2  1.3927E-4
7.3 13.3  7.6514E-5
7.3 13.4  3.4085E-5
7.4 11.8  5.6554E-5
7.4 11.9  1.1027E-4
7.4 12  1.8309E-4
7.4 12.1  2.6987E-4
7.4 12.2  3.6142E-4
7.4 12.3  4.4595E-4
7.4 12.4  5.1145E-4
7.4 12.5  5.4725E-4
7.4 12.6  5.4786E-4
7.4 12.7  5.1254E-4
7.4 12.8  4.4761E-4
7.4 12.9  3.6243E-4
7.4 13  2.6968E-4
7.4 13.1  1.8236E-4
7.4 13.2  1.0831E-4
7.4 13.3  5.4644E-5
7.5 11.7  3.4303E-5
7.5 11.8  7.5057E-5
7.5 11.9  1.3491E-4
7.5 12  2.1063E-4
7.5 12.1  2.9712E-4
7.5 12.2  3.8367E-4
7.5 12.3  4.59E-4
7.5 12.4  5.1167E-4
7.5 12.5  5.33E-4
7.5 12.6  5.1947E-4
7.5 12.7  4.7277E-4
7.5 12.8  4.0067E-4
7.5 12.9  3.1328E-4
7.5 13  2.2329E-4
7.5 13.1  1.4218E-4
7.5 13.2  7.7733E-5
7.5 13.3  3.3899E-5
7.6 11.7  4.728E-5
7.6 11.8  9.2575E-5
7.6 11.9  1.5514E-4
7.6 12  2.308E-4
7.6 12.1  3.1293E-4
7.6 12.2  3.9074E-4
7.6 12.3  4.5428E-4
7.6 12.4  4.9309E-4
7.6 12.5  5.0022E-4
7.6 12.6  4.7427E-4
7.6 12.7  4.1906E-4
7.6 12.8  3.4326E-4
7.6 12.9  2.5858E-4
7.6 13  1.7553E-4
7.6 13.1  1.0483E-4
7.6 13.2  5.1793E-5
7.7 11.7  5.8934E-5
7.7 11.8  1.0643E-4
7.7 11.9  1.6835E-4
7.7 12  2.4005E-4
7.7 12.1  3.1461E-4
7.7 12.2  3.8147E-4
7.7 12.3  4.3215E-4
7.7 12.4  4.5702E-4
7.7 12.5  4.5207E-4
7.7 12.6  4.1753E-4
7.7 12.7  3.5833E-4
7.7 12.8  2.8351E-4
7.7 12.9  2.0389E-4
7.7 13  1.3033E-4
7.7 13.1  7.1477E-5
7.8 11.6  3.49E-5
7.8 11.7  6.8331E-5
7.8 11.8  1.1523E-4
7.8 11.9  1.74E-4
7.8 12  2.3937E-4
7.8 12.1  3.0428E-4
7.8 12.2  3.5989E-4
7.8 12.3  3.9714E-4
7.8 12.4  4.0994E-4
7.8 12.5  3.9481E-4
7.8 12.6  3.5438E-4
7.8 12.7  2.9408E-4
7.8 12.8  2.2355E-4
7.8 12.9  1.5293E-4
7.8 13  9.1025E-5
7.8 13.1  4.4777E-5
7.9 11.6  4.0147E-5
7.9 11.7  7.3018E-5
7.9 11.8  1.1766E-4
7.9 11.9  1.7123E-4
7.9 12  2.289E-4
7.9 12.1  2.8327E-4
7.9 12.2  3.2634E-4
7.9 12.3  3.5115E-4
7.9 12.4  3.5317E-4
7.9 12.5  3.3077E-4
7.9 12.6  2.8791E-4
7.9 12.7  2.3043E-4
7.9 12.8  1.6719E-4
7.9 12.9  1.0766E-4
7.9 13  5.8411E-5
8 11.6  4.3215E-5
8 11.7  7.4382E-5
8 11.8  1.1444E-4
8 11.9  1.6098E-4
8 12  2.0854E-4
8 12.1  2.5182E-4
8 12.2  2.8343E-4
8 12.3  2.9796E-4
8 12.4  2.9205E-4
8 12.5  2.6612E-4
8 12.6  2.2422E-4
8 12.7  1.7228E-4
8 12.8  1.189E-4
8 12.9  7.05E-5
8 13  3.3844E-5
8.1 11.6  4.2543E-5
8.1 11.7  7.0241E-5
8.1 11.8  1.0488E-4
8.1 11.9  1.4357E-4
8.1 12  1.8198E-4
8.1 12.1  2.1441E-4
8.1 12.2  2.3596E-4
8.1 12.3  2.4216E-4
8.1 12.4  2.3158E-4
8.1 12.5  2.0504E-4
8.1 12.6  1.6666E-4
8.1 12.7  1.225E-4
8.1 12.8  7.9107E-5
8.1 12.9  4.299E-5
8.2 11.6  3.9557E-5
8.2 11.7  6.286E-5
8.2 11.8  9.1223E-5
8.2 11.9  1.2211E-4
8.2 12  1.5148E-4
8.2 12.1  1.7536E-4
8.2 12.2  1.8902E-4
8.2 12.3  1.8968E-4
8.2 12.4  1.7657E-4
8.2 12.5  1.5135E-4
8.2 12.6  1.1806E-4
8.2 12.7  8.202E-5
8.2 12.8  4.889E-5
8.3 11.6  3.3842E-5
8.3 11.7  5.2734E-5
8.3 11.8  7.5121E-5
8.3 11.9  9.8811E-5
8.3 12  1.2046E-4
8.3 12.1  1.3662E-4
8.3 12.2  1.4422E-4
8.3 12.3  1.4115E-4
8.3 12.4  1.2783E-4
8.3 12.5  1.0573E-4
8.3 12.6  7.8879E-5
8.3 12.7  5.1335E-5
8.4 11.7  4.1349E-5
8.4 11.8  5.8242E-5
8.4 11.9  7.545E-5
8.4 12  9.0617E-5
8.4 12.1  1.0106E-4
8.4 12.2  1.0468E-4
8.4 12.3  1.0022E-4
8.4 12.4  8.8011E-5
8.4 12.5  7.0007E-5
8.4 12.6  4.9418E-5
8.5 11.8  4.2007E-5
8.5 11.9  5.4053E-5
8.5 12  6.4049E-5
8.5 12.1  7.0785E-5
8.5 12.2  7.1971E-5
8.5 12.3  6.7277E-5
8.5 12.4  5.7278E-5
8.5 12.5  4.3595E-5
8.6 11.9  3.6089E-5
8.6 12  4.2742E-5
8.6 12.1  4.6584E-5
8.6 12.2  4.6699E-5
8.6 12.3  4.2602E-5
8.6 12.4  3.5005E-5
11.3  20.4  3.4982E-5
11.3  20.5  3.447E-5
11.4  20.2  3.4512E-5
11.4  20.3  3.8082E-5
11.4  20.4  3.9164E-5
11.4  20.5  3.7473E-5
11.4  20.6  3.3421E-5
11.5  20.1  3.4164E-5
11.5  20.2  3.9364E-5
11.5  20.3  4.2207E-5
11.5  20.4  4.2136E-5
11.5  20.5  3.9221E-5
11.5  20.6  3.386E-5
11.6  20.1  3.8677E-5
11.6  20.2  4.323E-5
11.6  20.3  4.4999E-5
11.6  20.4  4.367E-5
11.6  20.5  3.9384E-5
11.7  20  3.6015E-5
11.7  20.1  4.205E-5
11.7  20.2  4.5665E-5
11.7  20.3  4.6252E-5
11.7  20.4  4.3583E-5
11.7  20.5  3.8081E-5
11.8  20  3.8978E-5
11.8  20.1  4.4156E-5
11.8  20.2  4.6564E-5
11.8  20.3  4.5816E-5
11.8  20.4  4.1831E-5
11.8  20.5  3.5271E-5
11.9  19.9  3.4262E-5
11.9  20  4.0532E-5
11.9  20.1  4.4596E-5
11.9  20.2  4.5737E-5
11.9  20.3  4.3599E-5
11.9  20.4  3.8545E-5
12  19.9  3.5315E-5
12  20  4.0529E-5
12  20.1  4.3364E-5
12  20.2  4.3177E-5
12  20.3  3.9913E-5
12  20.4  3.3993E-5
12.1  19.9  3.4923E-5
12.1  20  3.8942E-5
12.1  20.1  4.0543E-5
12.1  20.2  3.9167E-5
12.1  20.3  3.5087E-5
12.2  20  3.6203E-5
12.2  20.1  3.6574E-5
12.2  20.2  3.425E-5
-11.4 -17.3 5.3971E-6
-11.4 -17.2 5.8026E-6
-11.4 -17.1 5.697E-6
-11.3 -17.5 5.5657E-6
-11.3 -17.4 7.0327E-6
-11.3 -17.3 8.0196E-6
-11.3 -17.2 8.4116E-6
-11.3 -17.1 8.1436E-6
-11.3 -17 7.2707E-6
-11.3 -16.9 6.0372E-6
-11.2 -17.6 6.2427E-6
-11.2 -17.5 8.4248E-6
-11.2 -17.4 1.0239E-5
-11.2 -17.3 1.136E-5
-11.2 -17.2 1.1593E-5
-11.2 -17.1 1.0966E-5
-11.2 -17 9.641E-6
-11.2 -16.9 7.866E-6
-11.2 -16.8 5.893E-6
-11.1 -17.7 6.4853E-6
-11.1 -17.6 9.3919E-6
-11.1 -17.5 1.2086E-5
-11.1 -17.4 1.4115E-5
-11.1 -17.3 1.5181E-5
-11.1 -17.2 1.5131E-5
-11.1 -17.1 1.4049E-5
-11.1 -17 1.2064E-5
-11.1 -16.9 9.6391E-6
-11.1 -16.8 7.0881E-6
-11 -17.8 6.2521E-6
-11 -17.7 9.744E-6
-11 -17.6 1.3298E-5
-11 -17.5 1.6434E-5
-11 -17.4 1.8613E-5
-11 -17.3 1.9478E-5
-11 -17.2 1.8911E-5
-11 -17.1 1.7113E-5
-11 -17 1.4373E-5
-11 -16.9 1.1197E-5
-11 -16.8 8.0152E-6
-10.9 -17.9 5.5913E-6
-10.9 -17.8 9.4488E-6
-10.9 -17.7 1.3737E-5
-10.9 -17.6 1.7931E-5
-10.9 -17.5 2.1282E-5
-10.9 -17.4 2.3371E-5
-10.9 -17.3 2.3822E-5
-10.9 -17.2 2.2599E-5
-10.9 -17.1 1.9937E-5
-10.9 -17 1.6345E-5
-10.9 -16.9 1.238E-5
-10.9 -16.8 8.5664E-6
-10.9 -16.7 5.3201E-6
-10.8 -17.9 8.5304E-6
-10.8 -17.8 1.3373E-5
-10.8 -17.7 1.8417E-5
-10.8 -17.6 2.3085E-5
-10.8 -17.5 2.6556E-5
-10.8 -17.4 2.8331E-5
-10.8 -17.3 2.8058E-5
-10.8 -17.2 2.5919E-5
-10.8 -17.1 2.2271E-5
-10.8 -17 1.7727E-5
-10.8 -16.9 1.3004E-5
-10.8 -16.8 8.6395E-6
-10.7 -18 7.228E-6
-10.7 -17.9 1.2191E-5
-10.7 -17.8 1.7901E-5
-10.7 -17.7 2.3592E-5
-10.7 -17.6 2.8422E-5
-10.7 -17.5 3.1638E-5
-10.7 -17.4 3.2803E-5
-10.7 -17.3 3.1653E-5
-10.7 -17.2 2.8454E-5
-10.7 -17.1 2.377E-5
-10.7 -17 1.8326E-5
-10.7 -16.9 1.29E-5
-10.7 -16.8 8.1549E-6
-10.6 -18.1 5.7252E-6
-10.6 -18 1.0459E-5
-10.6 -17.9 1.6401E-5
-10.6 -17.8 2.2791E-5
-10.6 -17.7 2.8812E-5
-10.6 -17.6 3.3598E-5
-10.6 -17.5 3.6321E-5
-10.6 -17.4 3.6555E-5
-10.6 -17.3 3.4306E-5
-10.6 -17.2 2.9941E-5
-10.6 -17.1 2.4269E-5
-10.6 -17 1.805E-5
-10.6 -16.9 1.2178E-5
-10.6 -16.8 7.2627E-6
-10.5 -18.1 8.4048E-6
-10.5 -18 1.409E-5
-10.5 -17.9 2.0817E-5
-10.5 -17.8 2.7716E-5
-10.5 -17.7 3.3759E-5
-10.5 -17.6 3.8137E-5
-10.5 -17.5 4.0061E-5
-10.5 -17.4 3.9248E-5
-10.5 -17.3 3.5739E-5
-10.5 -17.2 3.0339E-5
-10.5 -17.1 2.3757E-5
-10.5 -17 1.6939E-5
-10.5 -16.9 1.0841E-5
-10.5 -16.8 5.9769E-6
-10.4 -18.2 6.2927E-6
-10.4 -18.1 1.1505E-5
-10.4 -18 1.8065E-5
-10.4 -17.9 2.5294E-5
-10.4 -17.8 3.2335E-5
-10.4 -17.7 3.8108E-5
-10.4 -17.6 4.1798E-5
-10.4 -17.5 4.2678E-5
-10.4 -17.4 4.0625E-5
-10.4 -17.3 3.5965E-5
-10.4 -17.2 2.9482E-5
-10.4 -17.1 2.2226E-5
-10.4 -17 1.5101E-5
-10.4 -16.9 9.0538E-6
-10.3 -18.2 8.7517E-6
-10.3 -18.1 1.4747E-5
-10.3 -18 2.1911E-5
-10.3 -17.9 2.9436E-5
-10.3 -17.8 3.63E-5
-10.3 -17.7 4.1399E-5
-10.3 -17.6 4.4039E-5
-10.3 -17.5 4.3674E-5
-10.3 -17.4 4.0332E-5
-10.3 -17.3 3.4629E-5
-10.3 -17.2 2.737E-5
-10.3 -17.1 1.9707E-5
-10.3 -17 1.2655E-5
-10.3 -16.9 6.9538E-6
-10.2 -18.3 6.3019E-6
-10.2 -18.2 1.1403E-5
-10.2 -18.1 1.7988E-5
-10.2 -18 2.5366E-5
-10.2 -17.9 3.2725E-5
-10.2 -17.8 3.9042E-5
-10.2 -17.7 4.3276E-5
-10.2 -17.6 4.4723E-5
-10.2 -17.5 4.3093E-5
-10.2 -17.4 3.8643E-5
-10.2 -17.3 3.2021E-5
-10.2 -17.2 2.4309E-5
-10.2 -17.1 1.6639E-5
-10.2 -17 9.9398E-6
-10.1 -18.3 8.23E-6
-10.1 -18.2 1.3875E-5
-10.1 -18.1 2.0734E-5
-10.1 -18 2.8104E-5
-10.1 -17.9 3.5E-5
-10.1 -17.8 4.0413E-5
-10.1 -17.7 4.3553E-5
-10.1 -17.6 4.3739E-5
-10.1 -17.5 4.091E-5
-10.1 -17.4 3.5513E-5
-10.1 -17.3 2.8387E-5
-10.1 -17.2 2.0575E-5
-10.1 -17.1 1.327E-5
-10.1 -17 7.264E-6
-10 -18.4 5.5689E-6
-10 -18.3 1.0116E-5
-10 -18.2 1.6023E-5
-10 -18.1 2.2898E-5
-10 -18 2.9841E-5
-10 -17.9 3.6067E-5
-10 -17.8 4.0462E-5
-10 -17.7 4.2388E-5
-10 -17.6 4.1375E-5
-10 -17.5 3.7514E-5
-10 -17.4 3.1417E-5
-10 -17.3 2.4026E-5
-10 -17.2 1.6514E-5
-10 -17.1 9.8485E-6
-9.9  -18.4 6.9099E-6
-9.9  -18.3 1.1715E-5
-9.9  -18.2 1.7653E-5
-9.9  -18.1 2.4214E-5
-9.9  -18 3.0559E-5
-9.9  -17.9 3.5761E-5
-9.9  -17.8 3.9007E-5
-9.9  -17.7 3.9589E-5
-9.9  -17.6 3.7523E-5
-9.9  -17.5 3.2884E-5
-9.9  -17.4 2.6505E-5
-9.9  -17.3 1.934E-5
-9.9  -17.2 1.243E-5
-9.9  -17.1 6.7465E-6
-9.8  -18.4 8.0476E-6
-9.8  -18.3 1.2859E-5
-9.8  -18.2 1.8538E-5
-9.8  -18.1 2.4512E-5
-9.8  -18 2.9977E-5
-9.8  -17.9 3.4075E-5
-9.8  -17.8 3.6134E-5
-9.8  -17.7 3.5692E-5
-9.8  -17.6 3.2758E-5
-9.8  -17.5 2.7698E-5
-9.8  -17.4 2.135E-5
-9.8  -17.3 1.4713E-5
-9.8  -17.2 8.7235E-6
-9.7  -18.4 8.7751E-6
-9.7  -18.3 1.3385E-5
-9.7  -18.2 1.8557E-5
-9.7  -18.1 2.378E-5
-9.7  -18 2.8242E-5
-9.7  -17.9 3.1275E-5
-9.7  -17.8 3.2241E-5
-9.7  -17.7 3.0914E-5
-9.7  -17.6 2.744E-5
-9.7  -17.5 2.2315E-5
-9.7  -17.4 1.6407E-5
-9.7  -17.3 1.0532E-5
-9.7  -17.2 5.624E-6
-9.6  -18.5 5.5982E-6
-9.6  -18.4 9.0703E-6
-9.6  -18.3 1.3289E-5
-9.6  -18.2 1.7855E-5
-9.6  -18.1 2.2197E-5
-9.6  -18 2.5671E-5
-9.6  -17.9 2.7642E-5
-9.6  -17.8 2.7729E-5
-9.6  -17.7 2.5785E-5
-9.6  -17.6 2.2057E-5
-9.6  -17.5 1.7128E-5
-9.6  -17.4 1.1816E-5
-9.6  -17.3 6.982E-6
-9.5  -18.5 5.712E-6
-9.5  -18.4 8.8754E-6
-9.5  -18.3 1.2583E-5
-9.5  -18.2 1.6425E-5
-9.5  -18.1 1.9887E-5
-9.5  -18 2.2379E-5
-9.5  -17.9 2.345E-5
-9.5  -17.8 2.2824E-5
-9.5  -17.7 2.0499E-5
-9.5  -17.6 1.6848E-5
-9.5  -17.5 1.2428E-5
-9.5  -17.4 7.98E-6
-9.4  -18.5 5.5353E-6
-9.4  -18.4 8.2964E-6
-9.4  -18.3 1.1397E-5
-9.4  -18.2 1.4454E-5
-9.4  -18.1 1.7047E-5
-9.4  -18 1.871E-5
-9.4  -17.9 1.9064E-5
-9.4  -17.8 1.8009E-5
-9.4  -17.7 1.5602E-5
-9.4  -17.6 1.226E-5
-9.4  -17.5 8.495E-6
-9.3  -18.4 7.2922E-6
-9.3  -18.3 9.7776E-6
-9.3  -18.2 1.2122E-5
-9.3  -18.1 1.398E-5
-9.3  -18 1.4967E-5
-9.3  -17.9 1.4847E-5
-9.3  -17.8 1.3572E-5
-9.3  -17.7 1.1296E-5
-9.3  -17.6 8.4109E-6
-9.3  -17.5 5.3935E-6
-9.2  -18.4 6.1214E-6
-9.2  -18.3 8.0214E-6
-9.2  -18.2 9.7093E-6
-9.2  -18.1 1.0973E-5
-9.2  -18 1.1464E-5
-9.2  -17.9 1.1052E-5
-9.2  -17.8 9.758E-6
-9.2  -17.7 7.7561E-6
-9.2  -17.6 5.4139E-6
-9.1  -18.3 6.2401E-6
-9.1  -18.2 7.4361E-6
-9.1  -18.1 8.1968E-6
-9.1  -18 8.3489E-6
-9.1  -17.9 7.7848E-6
-9.1  -17.8 6.6026E-6
-9  -18.2 5.3483E-6
-9  -18.1 5.7807E-6
-9  -18 5.743E-6
-7.4  -9.8  5.9361E-6
-7.4  -9.7  7.3361E-6
-7.4  -9.6  7.9647E-6
-7.4  -9.5  7.7129E-6
-7.4  -9.4  6.7184E-6
-7.3  -10.9 5.2877E-6
-7.3  -10.8 5.9502E-6
-7.3  -10.7 5.5605E-6
-7.3  -9.9  8.439E-6
-7.3  -9.8  1.1593E-5
-7.3  -9.7  1.3884E-5
-7.3  -9.6  1.4945E-5
-7.3  -9.5  1.458E-5
-7.3  -9.4  1.295E-5
-7.3  -9.3  1.0535E-5
-7.3  -9.2  7.8165E-6
-7.2  -11 5.7955E-6
-7.2  -10.9 7.1638E-6
-7.2  -10.8 7.3652E-6
-7.2  -10.7 6.2829E-6
-7.2  -10.1 5.5064E-6
-7.2  -10 1.0462E-5
-7.2  -9.9  1.59E-5
-7.2  -9.8  2.0786E-5
-7.2  -9.7  2.4214E-5
-7.2  -9.6  2.5602E-5
-7.2  -9.5  2.4829E-5
-7.2  -9.4  2.2152E-5
-7.2  -9.3  1.8271E-5
-7.2  -9.2  1.3962E-5
-7.2  -9.1  9.733E-6
-7.2  -9  6.1242E-6
-7.1  -11.1 5.8074E-6
-7.1  -11 7.9204E-6
-7.1  -10.9 8.9251E-6
-7.1  -10.8 8.3969E-6
-7.1  -10.7 6.4363E-6
-7.1  -10.1 1.1539E-5
-7.1  -10 1.9388E-5
-7.1  -9.9  2.742E-5
-7.1  -9.8  3.4325E-5
-7.1  -9.7  3.8841E-5
-7.1  -9.6  4.049E-5
-7.1  -9.5  3.8949E-5
-7.1  -9.4  3.4645E-5
-7.1  -9.3  2.8732E-5
-7.1  -9.2  2.2141E-5
-7.1  -9.1  1.5687E-5
-7.1  -9  1.0152E-5
-7.1  -8.9  5.9591E-6
-7  -11.2 5.3698E-6
-7  -11.1 8.1899E-6
-7  -11 1.0087E-5
-7  -10.9 1.0381E-5
-7  -10.8 8.8395E-6
-7  -10.7 5.9134E-6
-7  -10.2 1.1237E-5
-7  -10.1 2.1271E-5
-7  -10 3.2825E-5
-7  -9.9  4.4087E-5
-7  -9.8  5.3278E-5
-7  -9.7  5.8888E-5
-7  -9.6  6.014E-5
-7  -9.5  5.7181E-5
-7  -9.4  5.0583E-5
-7  -9.3  4.1779E-5
-7  -9.2  3.2254E-5
-7  -9.1  2.2986E-5
-7  -9  1.4952E-5
-7  -8.9  8.8791E-6
-6.9  -11.2 7.7788E-6
-6.9  -11.1 1.0564E-5
-6.9  -11 1.1831E-5
-6.9  -10.9 1.109E-5
-6.9  -10.8 8.4311E-6
-6.9  -10.3 9.7373E-6
-6.9  -10.2 2.1258E-5
-6.9  -10.1 3.602E-5
-6.9  -10 5.1944E-5
-6.9  -9.9  6.6765E-5
-6.9  -9.8  7.8149E-5
-6.9  -9.7  8.4326E-5
-6.9  -9.6  8.4632E-5
-6.9  -9.5  7.9266E-5
-6.9  -9.4  6.941E-5
-6.9  -9.3  5.6797E-5
-6.9  -9.2  4.3333E-5
-6.9  -9.1  3.0541E-5
-6.9  -9  1.9753E-5
-6.9  -8.9  1.159E-5
-6.9  -8.8  6.0262E-6
-6.8  -11.3 6.8526E-6
-6.8  -11.2 1.0288E-5
-6.8  -11.1 1.2621E-5
-6.8  -11 1.2925E-5
-6.8  -10.9 1.0919E-5
-6.8  -10.8 7.1269E-6
-6.8  -10.4 7.3906E-6
-6.8  -10.3 1.9295E-5
-6.8  -10.2 3.6394E-5
-6.8  -10.1 5.6868E-5
-6.8  -10 7.7799E-5
-6.8  -9.9  9.6205E-5
-6.8  -9.8  1.0932E-4
-6.8  -9.7  1.1525E-4
-6.8  -9.6  1.1331E-4
-6.8  -9.5  1.0438E-4
-6.8  -9.4  9.001E-5
-6.8  -9.3  7.2526E-5
-6.8  -9.2  5.45E-5
-6.8  -9.1  3.791E-5
-6.8  -9  2.4148E-5
-6.8  -8.9  1.383E-5
-6.8  -8.8  6.906E-6
-6.7  -11.4 5.4883E-6
-6.7  -11.3 9.2794E-6
-6.7  -11.2 1.2439E-5
-6.7  -11.1 1.3968E-5
-6.7  -11 1.3011E-5
-6.7  -10.9 9.7244E-6
-6.7  -10.4 1.6022E-5
-6.7  -10.3 3.4038E-5
-6.7  -10.2 5.7758E-5
-6.7  -10.1 8.4229E-5
-6.7  -10 1.0995E-4
-6.7  -9.9  1.3121E-4
-6.7  -9.8  1.4494E-4
-6.7  -9.7  1.494E-4
-6.7  -9.6  1.4414E-4
-6.7  -9.5  1.304E-4
-6.7  -9.4  1.1065E-4
-6.7  -9.3  8.7777E-5
-6.7  -9.2  6.4718E-5
-6.7  -9.1  4.4007E-5
-6.7  -9  2.7209E-5
-6.7  -8.9  1.497E-5
-6.7  -8.8  7.0162E-6
-6.6  -11.4 7.786E-6
-6.6  -11.3 1.1583E-5
-6.6  -11.2 1.4142E-5
-6.6  -11.1 1.4443E-5
-6.6  -11 1.205E-5
-6.6  -10.9 7.6461E-6
-6.6  -10.5 1.1559E-5
-6.6  -10.4 2.9105E-5
-6.6  -10.3 5.4674E-5
-6.6  -10.2 8.5243E-5
-6.6  -10.1 1.1795E-4
-6.6  -10 1.4797E-4
-6.6  -9.9  1.714E-4
-6.6  -9.8  1.848E-4
-6.6  -9.7  1.8629E-4
-6.6  -9.6  1.7626E-4
-6.6  -9.5  1.564E-4
-6.6  -9.4  1.3028E-4
-6.6  -9.3  1.0139E-4
-6.6  -9.2  7.3103E-5
-6.6  -9.1  4.8329E-5
-6.6  -9  2.8759E-5
-6.6  -8.9  1.4911E-5
-6.6  -8.8  6.312E-6
-6.5  -11.5 6.0242E-6
-6.5  -11.4 9.992E-6
-6.5  -11.3 1.3341E-5
-6.5  -11.2 1.4846E-5
-6.5  -11.1 1.3726E-5
-6.5  -11 1.0048E-5
-6.5  -10.6 7.2781E-6
-6.5  -10.5 2.2788E-5
-6.5  -10.4 4.7811E-5
-6.5  -10.3 8.0791E-5
-6.5  -10.2 1.1892E-4
-6.5  -10.1 1.575E-4
-6.5  -10 1.9098E-4
-6.5  -9.9  2.1499E-4
-6.5  -9.8  2.262E-4
-6.5  -9.7  2.2326E-4
-6.5  -9.6  2.0732E-4
-6.5  -9.5  1.8029E-4
-6.5  -9.4  1.4659E-4
-6.5  -9.3  1.1107E-4
-6.5  -9.2  7.7622E-5
-6.5  -9.1  4.9255E-5
-6.5  -9  2.7787E-5
-6.5  -8.9  1.3258E-5
-6.4  -11.5 8.0179E-6
-6.4  -11.4 1.175E-5
-6.4  -11.3 1.4279E-5
-6.4  -11.2 1.4469E-5
-6.4  -11.1 1.1918E-5
-6.4  -11 7.286E-6
-6.4  -10.6 1.6265E-5
-6.4  -10.5 3.9E-5
-6.4  -10.4 7.2296E-5
-6.4  -10.3 1.1355E-4
-6.4  -10.2 1.5857E-4
-6.4  -10.1 2.0189E-4
-6.4  -10 2.3726E-4
-6.4  -9.9  2.6022E-4
-6.4  -9.8  2.6706E-4
-6.4  -9.7  2.5732E-4
-6.4  -9.6  2.3313E-4
-6.4  -9.5  1.9787E-4
-6.4  -9.4  1.5705E-4
-6.4  -9.3  1.158E-4
-6.4  -9.2  7.8201E-5
-6.4  -9.1  4.753E-5
-6.4  -9  2.5062E-5
-6.4  -8.9  1.0577E-5
-6.3  -11.6 5.8928E-6
-6.3  -11.5 9.6114E-6
-6.3  -11.4 1.2753E-5
-6.3  -11.3 1.4123E-5
-6.3  -11.2 1.2949E-5
-6.3  -11.1 9.2865E-6
-6.3  -10.7 9.9497E-6
-6.3  -10.6 2.9019E-5
-6.3  -10.5 6.0079E-5
-6.3  -10.4 1.0185E-4
-6.3  -10.3 1.5081E-4
-6.3  -10.2 2.0135E-4
-6.3  -10.1 2.472E-4
-6.3  -10 2.8194E-4
-6.3  -9.9  3.0103E-4
-6.3  -9.8  3.0145E-4
-6.3  -9.7  2.8413E-4
-6.3  -9.6  2.5172E-4
-6.3  -9.5  2.0895E-4
-6.3  -9.4  1.6151E-4
-6.3  -9.3  1.1513E-4
-6.3  -9.2  7.444E-5
-6.3  -9.1  4.2546E-5
-6.3  -9  2.0417E-5
-6.3  -8.9  7.2303E-6
-6.2  -11.6 7.3278E-6
-6.2  -11.5 1.0698E-5
-6.2  -11.4 1.2936E-5
-6.2  -11.3 1.3065E-5
-6.2  -11.2 1.0602E-5
-6.2  -11.1 6.2586E-6
-6.2  -10.7 1.9978E-5
-6.2  -10.6 4.699E-5
-6.2  -10.5 8.592E-5
-6.2  -10.4 1.3526E-4
-6.2  -10.3 1.8979E-4
-6.2  -10.2 2.4401E-4
-6.2  -10.1 2.9058E-4
-6.2  -10 3.2305E-4
-6.2  -9.9  3.3706E-4
-6.2  -9.8  3.3034E-4
-6.2  -9.7  3.0443E-4
-6.2  -9.6  2.6351E-4
-6.2  -9.5  2.1293E-4
-6.2  -9.4  1.595E-4
-6.2  -9.3  1.0943E-4
-6.2  -9.2  6.7317E-5
-6.2  -9.1  3.5718E-5
-6.2  -9  1.5032E-5
-6.2  -8.5  5.6203E-6
-6.2  -8.4  6.8354E-6
-6.2  -8.3  6.6969E-6
-6.2  -8.2  5.5396E-6
-6.1  -11.6 8.3652E-6
-6.1  -11.5 1.1055E-5
-6.1  -11.4 1.2192E-5
-6.1  -11.3 1.1067E-5
-6.1  -11.2 7.713E-6
-6.1  -10.8 1.1905E-5
-6.1  -10.7 3.3308E-5
-6.1  -10.6 6.7806E-5
-6.1  -10.5 1.1456E-4
-6.1  -10.4 1.7051E-4
-6.1  -10.3 2.3002E-4
-6.1  -10.2 2.8556E-4
-6.1  -10.1 3.3061E-4
-6.1  -10 3.5833E-4
-6.1  -9.9  3.6499E-4
-6.1  -9.8  3.4959E-4
-6.1  -9.7  3.145E-4
-6.1  -9.6  2.6494E-4
-6.1  -9.5  2.076E-4
-6.1  -9.4  1.4982E-4
-6.1  -9.3  9.7777E-5
-6.1  -9.2  5.5973E-5
-6.1  -9.1  2.6522E-5
-6.1  -9  9.091E-6
-6.1  -8.6  6.2089E-6
-6.1  -8.5  8.7131E-6
-6.1  -8.4  9.5009E-6
-6.1  -8.3  8.5884E-6
-6.1  -8.2  6.6515E-6
-6  -11.7 6.0174E-6
-6  -11.6 8.7393E-6
-6  -11.5 1.0539E-5
-6  -11.4 1.0571E-5
-6  -11.3 8.4526E-6
-6  -10.9 6.4206E-6
-6  -10.8 2.1882E-5
-6  -10.7 5.0248E-5
-6  -10.6 9.2055E-5
-6  -10.5 1.45E-4
-6  -10.4 2.0592E-4
-6  -10.3 2.6771E-4
-6  -10.2 3.2265E-4
-6  -10.1 3.6353E-4
-6  -10 3.8405E-4
-6  -9.9  3.8141E-4
-6  -9.8  3.5606E-4
-6  -9.7  3.1179E-4
-6  -9.6  2.5491E-4
-6  -9.5  1.9308E-4
-6  -9.4  1.3365E-4
-6  -9.3  8.2557E-5
-6  -9.2  4.3495E-5
-6  -9.1  1.7775E-5
-6  -8.7  6.0855E-6
-6  -8.6  1.0058E-5
-6  -8.5  1.2232E-5
-6  -8.4  1.2132E-5
-6  -8.3  1.0208E-5
-6  -8.2  7.3236E-6
-5.9  -11.7 6.4203E-6
-5.9  -11.6 8.445E-6
-5.9  -11.5 9.2935E-6
-5.9  -11.4 8.3363E-6
-5.9  -11.3 5.6705E-6
-5.9  -10.9 1.289E-5
-5.9  -10.8 3.4469E-5
-5.9  -10.7 6.9189E-5
-5.9  -10.6 1.1718E-4
-5.9  -10.5 1.751E-4
-5.9  -10.4 2.3822E-4
-5.9  -10.3 2.9892E-4
-5.9  -10.2 3.4952E-4
-5.9  -10.1 3.8325E-4
-5.9  -10 3.9453E-4
-5.9  -9.9  3.8257E-4
-5.9  -9.8  3.4863E-4
-5.9  -9.7  2.9756E-4
-5.9  -9.6  2.3602E-4
-5.9  -9.5  1.722E-4
-5.9  -9.4  1.1334E-4
-5.9  -9.3  6.4985E-5
-5.9  -9.2  3.0411E-5
-5.9  -9.1  9.7491E-6
-5.9  -8.7  1.041E-5
-5.9  -8.6  1.428E-5
-5.9  -8.5  1.5565E-5
-5.9  -8.4  1.4303E-5
-5.9  -8.3  1.1166E-5
-5.9  -8.2  7.3952E-6
-5.8  -11.7 6.2971E-6
-5.8  -11.6 7.6083E-6
-5.8  -11.5 7.6134E-6
-5.8  -11.4 6.0189E-6
-5.8  -11 6.5545E-6
-5.8  -10.9 2.1748E-5
-5.8  -10.8 4.8787E-5
-5.8  -10.7 8.8691E-5
-5.8  -10.6 1.4069E-4
-5.8  -10.5 2.0083E-4
-5.8  -10.4 2.6333E-4
-5.8  -10.3 3.2086E-4
-5.8  -10.2 3.6558E-4
-5.8  -10.1 3.9151E-4
-5.8  -10 3.9441E-4
-5.8  -9.9  3.7338E-4
-5.8  -9.8  3.315E-4
-5.8  -9.7  2.7475E-4
-5.8  -9.6  2.1051E-4
-5.8  -9.5  1.4697E-4
-5.8  -9.4  9.1109E-5
-5.8  -9.3  4.7475E-5
-5.8  -9.2  1.8901E-5
-5.8  -8.8  9.6357E-6
-5.8  -8.7  1.5382E-5
-5.8  -8.6  1.8569E-5
-5.8  -8.5  1.851E-5
-5.8  -8.4  1.5731E-5
-5.8  -8.3  1.1381E-5
-5.8  -8.2  6.8554E-6
-5.7  -11.7 5.7343E-6
-5.7  -11.6 6.3186E-6
-5.7  -11.5 5.6385E-6
-5.7  -11 1.2221E-5
-5.7  -10.9 3.1629E-5
-5.7  -10.8 6.2981E-5
-5.7  -10.7 1.0679E-4
-5.7  -10.6 1.6115E-4
-5.7  -10.5 2.2104E-4
-5.7  -10.4 2.8121E-4
-5.7  -10.3 3.3344E-4
-5.7  -10.2 3.708E-4
-5.7  -10.1 3.881E-4
-5.7  -10 3.8102E-4
-5.7  -9.9  3.5175E-4
-5.7  -9.8  3.0366E-4
-5.7  -9.7  2.4337E-4
-5.7  -9.6  1.7874E-4
-5.7  -9.5  1.1808E-4
-5.7  -9.4  6.7383E-5
-5.7  -9.3  3.0707E-5
-5.7  -9.2  9.1841E-6
-5.7  -8.9  7.8249E-6
-5.7  -8.8  1.5071E-5
-5.7  -8.7  2.0367E-5
-5.7  -8.6  2.2242E-5
-5.7  -8.5  2.0507E-5
-5.7  -8.4  1.6168E-5
-5.7  -8.3  1.0757E-5
-5.7  -8.2  5.7414E-6
-5.6  -11.1 6.1657E-6
-5.6  -11 1.9013E-5
-5.6  -10.9 4.2193E-5
-5.6  -10.8 7.6823E-5
-5.6  -10.7 1.2278E-4
-5.6  -10.6 1.7728E-4
-5.6  -10.5 2.3538E-4
-5.6  -10.4 2.9045E-4
-5.6  -10.3 3.3555E-4
-5.6  -10.2 3.6367E-4
-5.6  -10.1 3.7105E-4
-5.6  -10 3.5539E-4
-5.6  -9.9  3.1874E-4
-5.6  -9.8  2.6641E-4
-5.6  -9.7  2.055E-4
-5.6  -9.6  1.4387E-4
-5.6  -9.5  8.9298E-5
-5.6  -9.4  4.6289E-5
-5.6  -9.3  1.7153E-5
-5.6  -9  5.3349E-6
-5.6  -8.9  1.3472E-5
-5.6  -8.8  2.0875E-5
-5.6  -8.7  2.4992E-5
-5.6  -8.6  2.4958E-5
-5.6  -8.5  2.1258E-5
-5.6  -8.4  1.5407E-5
-5.6  -8.3  9.2435E-6
-5.5  -11.1 1.0346E-5
-5.5  -11 2.5981E-5
-5.5  -10.9 5.1725E-5
-5.5  -10.8 8.8183E-5
-5.5  -10.7 1.3391E-4
-5.5  -10.6 1.8627E-4
-5.5  -10.5 2.3958E-4
-5.5  -10.4 2.8757E-4
-5.5  -10.3 3.2365E-4
-5.5  -10.2 3.4235E-4
-5.5  -10.1 3.4055E-4
-5.5  -10 3.1793E-4
-5.5  -9.9  2.775E-4
-5.5  -9.8  2.2462E-4
-5.5  -9.7  1.6644E-4
-5.5  -9.6  1.102E-4
-5.5  -9.5  6.2734E-5
-5.5  -9.4  2.7864E-5
-5.5  -9.3  7.4503E-6
-5.5  -9  1.0726E-5
-5.5  -8.9  1.9505E-5
-5.5  -8.8  2.5863E-5
-5.5  -8.7  2.8027E-5
-5.5  -8.6  2.5942E-5
-5.5  -8.5  2.0399E-5
-5.5  -8.4  1.354E-5
-5.5  -8.3  7.1433E-6
-5.5  -7.7  5.8687E-6
-5.5  -7.6  6.5321E-6
-5.5  -7.5  6.1353E-6
-5.4  -11.1 1.4712E-5
-5.4  -11 3.231E-5
-5.4  -10.9 5.9213E-5
-5.4  -10.8 9.5501E-5
-5.4  -10.7 1.3926E-4
-5.4  -10.6 1.8728E-4
-5.4  -10.5 2.3404E-4
-5.4  -10.4 2.7424E-4
-5.4  -10.3 3.0191E-4
-5.4  -10.2 3.1245E-4
-5.4  -10.1 3.0387E-4
-5.4  -10 2.7644E-4
-5.4  -9.9  2.3401E-4
-5.4  -9.8  1.8235E-4
-5.4  -9.7  1.2846E-4
-5.4  -9.6  7.9264E-5
-5.4  -9.5  4.0415E-5
-5.4  -9.4  1.4561E-5
-5.4  -9.1  7.3388E-6
-5.4  -9  1.6652E-5
-5.4  -8.9  2.5065E-5
-5.4  -8.8  2.9741E-5
-5.4  -8.7  2.9631E-5
-5.4  -8.6  2.5267E-5
-5.4  -8.5  1.8327E-5
-5.4  -8.4  1.0922E-5
-5.4  -7.8  6.4778E-6
-5.4  -7.7  7.9672E-6
-5.4  -7.6  8.1313E-6
-5.4  -7.5  7.0932E-6
-5.4  -7.4  5.2758E-6
-5.3  -11.2 7.4596E-6
-5.3  -11.1 1.8594E-5
-5.3  -11 3.6932E-5
-5.3  -10.9 6.3563E-5
-5.3  -10.8 9.8157E-5
-5.3  -10.7 1.3857E-4
-5.3  -10.6 1.8145E-4
-5.3  -10.5 2.2154E-4
-5.3  -10.4 2.5388E-4
-5.3  -10.3 2.7321E-4
-5.3  -10.2 2.7615E-4
-5.3  -10.1 2.6162E-4
-5.3  -10 2.3112E-4
-5.3  -9.9  1.8882E-4
-5.3  -9.8  1.4063E-4
-5.3  -9.7  9.3223E-5
-5.3  -9.6  5.2357E-5
-5.3  -9.5  2.2442E-5
-5.3  -9.1  1.283E-5
-5.3  -9  2.2415E-5
-5.3  -8.9  2.9432E-5
-5.3  -8.8  3.1823E-5
-5.3  -8.7  2.9262E-5
-5.3  -8.6  2.312E-5
-5.3  -8.5  1.5297E-5
-5.3  -8.4  7.9666E-6
-5.3  -7.9  6.5146E-6
-5.3  -7.8  8.9141E-6
-5.3  -7.7  9.9415E-6
-5.3  -7.6  9.3746E-6
-5.3  -7.5  7.5995E-6
-5.2  -11.2 9.695E-6
-5.2  -11.1 2.1542E-5
-5.2  -11 3.9943E-5
-5.2  -10.9 6.5414E-5
-5.2  -10.8 9.7313E-5
-5.2  -10.7 1.3304E-4
-5.2  -10.6 1.6967E-4
-5.2  -10.5 2.0238E-4
-5.2  -10.4 2.2622E-4
-5.2  -10.3 2.379E-4
-5.2  -10.2 2.3443E-4
-5.2  -10.1 2.16E-4
-5.2  -10 1.8455E-4
-5.2  -9.9  1.4488E-4
-5.2  -9.8  1.0236E-4
-5.2  -9.7  6.3106E-5
-5.2  -9.6  3.1432E-5
-5.2  -9.5  1.0554E-5
-5.2  -9.2  8.6982E-6
-5.2  -9.1  1.854E-5
-5.2  -9  2.7248E-5
-5.2  -8.9  3.211E-5
-5.2  -8.8  3.2005E-5
-5.2  -8.7  2.7295E-5
-5.2  -8.6  1.9711E-5
-5.2  -8.5  1.1565E-5
-5.2  -8  5.9332E-6
-5.2  -7.9  9.1719E-6
-5.2  -7.8  1.1244E-5
-5.2  -7.7  1.1614E-5
-5.2  -7.6  1.0223E-5
-5.2  -7.5  7.6585E-6
-5.1  -11.2 1.1399E-5
-5.1  -11.1 2.3023E-5
-5.1  -11 4.0196E-5
-5.1  -10.9 6.3273E-5
-5.1  -10.8 9.1243E-5
-5.1  -10.7 1.2177E-4
-5.1  -10.6 1.5157E-4
-5.1  -10.5 1.7663E-4
-5.1  -10.4 1.9315E-4
-5.1  -10.3 1.9836E-4
-5.1  -10.2 1.9035E-4
-5.1  -10.1 1.707E-4
-5.1  -10 1.4113E-4
-5.1  -9.9  1.0613E-4
-5.1  -9.8  7.042E-5
-5.1  -9.7  3.9227E-5
-5.1  -9.6  1.6288E-5
-5.1  -9.2  1.39E-5
-5.1  -9.1  2.3376E-5
-5.1  -9  3.023E-5
-5.1  -8.9  3.2477E-5
-5.1  -8.8  2.9871E-5
-5.1  -8.7  2.3494E-5
-5.1  -8.6  1.539E-5
-5.1  -8.5  7.7952E-6
-5.1  -8  8.8124E-6
-5.1  -7.9  1.1965E-5
-5.1  -7.8  1.3371E-5
-5.1  -7.7  1.2756E-5
-5.1  -7.6  1.0375E-5
-5.1  -7.5  7.123E-6
-5  -11.3 5.379E-6
-5  -11.2 1.2067E-5
-5  -11.1 2.2862E-5
-5  -11 3.8315E-5
-5  -10.9 5.8189E-5
-5  -10.8 8.1611E-5
-5  -10.7 1.0618E-4
-5  -10.6 1.2964E-4
-5  -10.5 1.4826E-4
-5  -10.4 1.5907E-4
-5  -10.3 1.5997E-4
-5  -10.2 1.5012E-4
-5  -10.1 1.3053E-4
-5  -10 1.037E-4
-5  -9.9  7.3901E-5
-5  -9.8  4.5204E-5
-5  -9.7  2.1908E-5
-5  -9.6  7.0172E-6
-5  -9.3  9.169E-6
-5  -9.2  1.8405E-5
-5  -9.1  2.6479E-5
-5  -9  3.1036E-5
-5  -8.9  3.0814E-5
-5  -8.8  2.6247E-5
-5  -8.7  1.8899E-5
-5  -8.6  1.0958E-5
-5  -8.1  7.7103E-6
-5  -8  1.1746E-5
-5  -7.9  1.4314E-5
-5  -7.8  1.4733E-5
-5  -7.7  1.303E-5
-5  -7.6  9.7797E-6
-5  -7.5  6.024E-6
-4.9  -11.3 5.5801E-6
-4.9  -11.2 1.1599E-5
-4.9  -11.1 2.0992E-5
-4.9  -11 3.4103E-5
-4.9  -10.9 5.0734E-5
-4.9  -10.8 6.9849E-5
-4.9  -10.7 8.9363E-5
-4.9  -10.6 1.0714E-4
-4.9  -10.5 1.2031E-4
-4.9  -10.4 1.2633E-4
-4.9  -10.3 1.2411E-4
-4.9  -10.2 1.1309E-4
-4.9  -10.1 9.4783E-5
-4.9  -10 7.1856E-5
-4.9  -9.9  4.7987E-5
-4.9  -9.8  2.6441E-5
-4.9  -9.7  1.0334E-5
-4.9  -9.3  1.3253E-5
-4.9  -9.2  2.1655E-5
-4.9  -9.1  2.7718E-5
-4.9  -9  2.9874E-5
-4.9  -8.9  2.7433E-5
-4.9  -8.8  2.1604E-5
-4.9  -8.7  1.4064E-5
-4.9  -8.6  6.9994E-6
-4.9  -8.2  6.0936E-6
-4.9  -8.1  1.0657E-5
-4.9  -8  1.4316E-5
-4.9  -7.9  1.5958E-5
-4.9  -7.8  1.5201E-5
-4.9  -7.7  1.2425E-5
-4.9  -7.6  8.5107E-6
-4.9  -6.8  6.0095E-6
-4.9  -6.7  6.0262E-6
-4.8  -11.2 1.0423E-5
-4.8  -11.1 1.8302E-5
-4.8  -11 2.9008E-5
-4.8  -10.9 4.227E-5
-4.8  -10.8 5.7108E-5
-4.8  -10.7 7.1847E-5
-4.8  -10.6 8.4564E-5
-4.8  -10.5 9.3086E-5
-4.8  -10.4 9.5708E-5
-4.8  -10.3 9.164E-5
-4.8  -10.2 8.0936E-5
-4.8  -10.1 6.5107E-5
-4.8  -10 4.6686E-5
-4.8  -9.9  2.8547E-5
-4.8  -9.8  1.3417E-5
-4.8  -9.4  8.6097E-6
-4.8  -9.3  1.6478E-5
-4.8  -9.2  2.3319E-5
-4.8  -9.1  2.7215E-5
-4.8  -9  2.71E-5
-4.8  -8.9  2.3079E-5
-4.8  -8.8  1.6536E-5
-4.8  -8.7  9.4285E-6
-4.8  -8.2  8.8644E-6
-4.8  -8.1  1.3261E-5
-4.8  -8  1.6134E-5
-4.8  -7.9  1.6678E-5
-4.8  -7.8  1.4784E-5
-4.8  -7.7  1.113E-5
-4.8  -7.6  6.8271E-6
-4.8  -6.9  6.8318E-6
-4.8  -6.8  7.4275E-6
-4.8  -6.7  6.9661E-6
-4.8  -6.6  5.6983E-6
-4.7  -11.2 8.5259E-6
-4.7  -11.1 1.4664E-5
-4.7  -11 2.2898E-5
-4.7  -10.9 3.2884E-5
-4.7  -10.8 4.3886E-5
-4.7  -10.7 5.4494E-5
-4.7  -10.6 6.3155E-5
-4.7  -10.5 6.8337E-5
-4.7  -10.4 6.8796E-5
-4.7  -10.3 6.4242E-5
-4.7  -10.2 5.4916E-5
-4.7  -10.1 4.2325E-5
-4.7  -10 2.8373E-5
-4.7  -9.9  1.5481E-5
-4.7  -9.8  5.8064E-6
-4.7  -9.4  1.1408E-5
-4.7  -9.3  1.8248E-5
-4.7  -9.2  2.3131E-5
-4.7  -9.1  2.4766E-5
-4.7  -9  2.2836E-5
-4.7  -8.9  1.7862E-5
-4.7  -8.8  1.1516E-5
-4.7  -8.7  5.5957E-6
-4.7  -8.3  6.7779E-6
-4.7  -8.2  1.1555E-5
-4.7  -8.1  1.5444E-5
-4.7  -8  1.7237E-5
-4.7  -7.9  1.6502E-5
-4.7  -7.8  1.3508E-5
-4.7  -7.7  9.2186E-6
-4.7  -7  7.2047E-6
-4.7  -6.9  8.5681E-6
-4.7  -6.8  8.6931E-6
-4.7  -6.7  7.6717E-6
-4.7  -6.6  5.854E-6
-4.6  -11.2 6.3355E-6
-4.6  -11.1 1.0842E-5
-4.6  -11 1.6753E-5
-4.6  -10.9 2.411E-5
-4.6  -10.8 3.1922E-5
-4.6  -10.7 3.9249E-5
-4.6  -10.6 4.5026E-5
-4.6  -10.5 4.807E-5
-4.6  -10.4 4.7549E-5
-4.6  -10.3 4.3266E-5
-4.6  -10.2 3.562E-5
-4.6  -10.1 2.5894E-5
-4.6  -10 1.5878E-5
-4.6  -9.9  7.2803E-6
-4.6  -9.5  7.0721E-6
-4.6  -9.4  1.3038E-5
-4.6  -9.3  1.8275E-5
-4.6  -9.2  2.1244E-5
-4.6  -9.1  2.1091E-5
-4.6  -9  1.8002E-5
-4.6  -8.9  1.2867E-5
-4.6  -8.8  7.229E-6
-4.6  -8.3  9.2819E-6
-4.6  -8.2  1.3742E-5
-4.6  -8.1  1.6581E-5
-4.6  -8  1.711E-5
-4.6  -7.9  1.5169E-5
-4.6  -7.8  1.1397E-5
-4.6  -7.7  6.9087E-6
-4.6  -7.1  7.0564E-6
-4.6  -7  9.2132E-6
-4.6  -6.9  1.0121E-5
-4.6  -6.8  9.6261E-6
-4.6  -6.7  7.9588E-6
-4.6  -6.6  5.6437E-6
-4.5  -11.1 7.2171E-6
-4.5  -11 1.1361E-5
-4.5  -10.9 1.6374E-5
-4.5  -10.8 2.1766E-5
-4.5  -10.7 2.6686E-5
-4.5  -10.6 3.0455E-5
-4.5  -10.5 3.204E-5
-4.5  -10.4 3.1005E-5
-4.5  -10.3 2.7303E-5
-4.5  -10.2 2.1451E-5
-4.5  -10.1 1.4546E-5
-4.5  -10 7.8616E-6
-4.5  -9.5  8.5219E-6
-4.5  -9.4  1.3417E-5
-4.5  -9.3  1.705E-5
-4.5  -9.2  1.8347E-5
-4.5  -9.1  1.6953E-5
-4.5  -9  1.3307E-5
-4.5  -8.9  8.5019E-6
-4.5  -8.4  6.7958E-6
-4.5  -8.3  1.1303E-5
-4.5  -8.2  1.4986E-5
-4.5  -8.1  1.6699E-5
-4.5  -8  1.5946E-5
-4.5  -7.9  1.3036E-5
-4.5  -7.8  8.8594E-6
-4.5  -7.2  6.3794E-6
-4.5  -7.1  9.2375E-6
-4.5  -7  1.1036E-5
-4.5  -6.9  1.1271E-5
-4.5  -6.8  1.0023E-5
-4.5  -6.7  7.705E-6
-4.4  -11 7.0149E-6
-4.4  -10.9 1.0263E-5
-4.4  -10.8 1.3721E-5
-4.4  -10.7 1.6877E-5
-4.4  -10.6 1.9045E-5
-4.4  -10.5 1.9843E-5
-4.4  -10.4 1.8803E-5
-4.4  -10.3 1.6021E-5
-4.4  -10.2 1.1914E-5
-4.4  -10.1 7.3329E-6
-4.4  -9.5  9.1131E-6
-4.4  -9.4  1.2756E-5
-4.4  -9.3  1.4872E-5
-4.4  -9.2  1.488E-5
-4.4  -9.1  1.2734E-5
-4.4  -9  9.06E-6
-4.4  -8.4  8.6035E-6
-4.4  -8.3  1.257E-5
-4.4  -8.2  1.5245E-5
-4.4  -8.1  1.577E-5
-4.4  -8  1.3987E-5
-4.4  -7.9  1.0514E-5
-4.4  -7.8  6.3176E-6
-4.4  -7.2  8.5532E-6
-4.4  -7.1  1.1128E-5
-4.4  -7  1.2254E-5
-4.4  -6.9  1.1672E-5
-4.4  -6.8  9.7156E-6
-4.4  -6.7  6.9357E-6
-4.3  -10.9 5.628E-6
-4.3  -10.8 7.7736E-6
-4.3  -10.7 9.7145E-6
-4.3  -10.6 1.1033E-5
-4.3  -10.5 1.1394E-5
-4.3  -10.4 1.0565E-5
-4.3  -10.3 8.6816E-6
-4.3  -10.2 6.0352E-6
-4.3  -9.6  5.5767E-6
-4.3  -9.5  8.7297E-6
-4.3  -9.4  1.1122E-5
-4.3  -9.3  1.1992E-5
-4.3  -9.2  1.113E-5
-4.3  -9.1  8.7496E-6
-4.3  -9  5.5348E-6
-4.3  -8.5  6.0519E-6
-4.3  -8.4  9.9347E-6
-4.3  -8.3  1.3146E-5
-4.3  -8.2  1.473E-5
-4.3  -8.1  1.415E-5
-4.3  -8  1.1576E-5
-4.3  -7.9  7.8134E-6
-4.3  -7.3  7.2935E-6
-4.3  -7.2  1.0458E-5
-4.3  -7.1  1.2495E-5
-4.3  -7  1.2876E-5
-4.3  -6.9  1.1572E-5
-4.3  -6.8  8.9801E-6
-4.3  -6.7  5.841E-6
-4.2  -10.6 5.8108E-6
-4.2  -10.5 6.0192E-6
-4.2  -10.4 5.5042E-6
-4.2  -9.6  5.3841E-6
-4.2  -9.5  7.5604E-6
-4.2  -9.4  8.956E-6
-4.2  -9.3  9.0186E-6
-4.2  -9.2  7.7859E-6
-4.2  -9.1  5.5591E-6
-4.2  -8.5  7.2536E-6
-4.2  -8.4  1.0546E-5
-4.2  -8.3  1.275E-5
-4.2  -8.2  1.3214E-5
-4.2  -8.1  1.1738E-5
-4.2  -8  8.7664E-6
-4.2  -7.4  5.7332E-6
-4.2  -7.3  9.2689E-6
-4.2  -7.2  1.2061E-5
-4.2  -7.1  1.338E-5
-4.2  -7  1.2906E-5
-4.2  -6.9  1.0832E-5
-4.2  -6.8  7.7623E-6
-4.2  -6  5.6716E-6
-4.2  -5.9  6.3028E-6
-4.2  -5.8  6.1105E-6
-4.1  -9.5  6.1378E-6
-4.1  -9.4  6.7665E-6
-4.1  -9.3  6.3657E-6
-4.1  -8.5  7.7922E-6
-4.1  -8.4  1.028E-5
-4.1  -8.3  1.1526E-5
-4.1  -8.2  1.1085E-5
-4.1  -8.1  9.0719E-6
-4.1  -8  6.0868E-6
-4.1  -7.4  7.6245E-6
-4.1  -7.3  1.0917E-5
-4.1  -7.2  1.3059E-5
-4.1  -7.1  1.3515E-5
-4.1  -7  1.2203E-5
-4.1  -6.9  9.4857E-6
-4.1  -6.8  6.1393E-6
-4.1  -6.1  5.95E-6
-4.1  -6  7.1899E-6
-4.1  -5.9  7.54E-6
-4.1  -5.8  6.9093E-6
-4.1  -5.7  5.5234E-6
-4  -8.6  5.317E-6
-4  -8.5  7.6864E-6
-4  -8.4  9.3457E-6
-4  -8.3  9.7996E-6
-4  -8.2  8.7674E-6
-4  -8.1  6.5567E-6
-4  -7.5  5.736E-6
-4  -7.4  9.1419E-6
-4  -7.3  1.1872E-5
-4  -7.2  1.3184E-5
-4  -7.1  1.275E-5
-4  -7  1.0733E-5
-4  -6.9  7.6826E-6
-4  -6.2  5.8402E-6
-4  -6.1  7.701E-6
-4  -6  8.6404E-6
-4  -5.9  8.4785E-6
-4  -5.8  7.2902E-6
-4  -5.7  5.4139E-6
-4  -1.3  5.3878E-6
-4  -1.2  5.3691E-6
-3.9  -8.6  5.3926E-6
-3.9  -8.5  7.158E-6
-3.9  -8.4  8.1117E-6
-3.9  -8.3  7.8915E-6
-3.9  -8.2  6.4924E-6
-3.9  -7.5  7.0664E-6
-3.9  -7.4  1.0054E-5
-3.9  -7.3  1.2086E-5
-3.9  -7.2  1.2603E-5
-3.9  -7.1  1.1475E-5
-3.9  -7  8.9857E-6
-3.9  -6.9  5.8216E-6
-3.9  -6.2  7.5767E-6
-3.9  -6.1  9.1639E-6
-3.9  -6  9.6298E-6
-3.9  -5.9  8.8928E-6
-3.9  -5.8  7.1896E-6
-3.9  -1.5  5.4923E-6
-3.9  -1.4  6.6963E-6
-3.9  -1.3  7.4109E-6
-3.9  -1.2  7.4828E-6
-3.9  -1.1  6.8812E-6
-3.9  -1  5.762E-6
-3.8  -8.5  6.1841E-6
-3.8  -8.4  6.4726E-6
-3.8  -8.3  5.8182E-6
-3.8  -7.5  8.0451E-6
-3.8  -7.4  1.05E-5
-3.8  -7.3  1.1775E-5
-3.8  -7.2  1.1513E-5
-3.8  -7.1  9.7875E-6
-3.8  -7  7.0175E-6
-3.8  -6.3  6.9249E-6
-3.8  -6.2  9.1636E-6
-3.8  -6.1  1.0384E-5
-3.8  -6  1.0292E-5
-3.8  -5.9  8.9564E-6
-3.8  -5.8  6.7361E-6
-3.8  -5  5.7914E-6
-3.8  -4.9  6.4264E-6
-3.8  -4.8  6.1109E-6
-3.8  -1.5  6.8665E-6
-3.8  -1.4  8.3441E-6
-3.8  -1.3  9.1764E-6
-3.8  -1.2  9.1831E-6
-3.8  -1.1  8.4012E-6
-3.8  -1  7.029E-6
-3.8  -0.9  5.3705E-6
-3.7  -7.6  5.9792E-6
-3.7  -7.5  8.5495E-6
-3.7  -7.4  1.0329E-5
-3.7  -7.3  1.0799E-5
-3.7  -7.2  9.8646E-6
-3.7  -7.1  7.7302E-6
-3.7  -6.4  5.9085E-6
-3.7  -6.3  8.6093E-6
-3.7  -6.2  1.0549E-5
-3.7  -6.1  1.1244E-5
-3.7  -6  1.0511E-5
-3.7  -5.9  8.5414E-6
-3.7  -5.8  5.8507E-6
-3.7  -5.1  6.38E-6
-3.7  -5  7.751E-6
-3.7  -4.9  7.9684E-6
-3.7  -4.8  7.0572E-6
-3.7  -4.7  5.3189E-6
-3.7  -1.6  5.4769E-6
-3.7  -1.5  7.4182E-6
-3.7  -1.4  9.0287E-6
-3.7  -1.3  9.9826E-6
-3.7  -1.2  1.0091E-5
-3.7  -1.1  9.3543E-6
-3.7  -1  7.9448E-6
-3.7  -0.9  6.1398E-6
-3.6  -7.6  6.3909E-6
-3.6  -7.5  8.3597E-6
-3.6  -7.4  9.4135E-6
-3.6  -7.3  9.2184E-6
-3.6  -7.2  7.8443E-6
-3.6  -7.1  5.629E-6
-3.6  -6.4  7.594E-6
-3.6  -6.3  1.0093E-5
-3.6  -6.2  1.1507E-5
-3.6  -6.1  1.1465E-5
-3.6  -6  1.0003E-5
-3.6  -5.9  7.473E-6
-3.6  -5.2  6.5715E-6
-3.6  -5.1  8.7588E-6
-3.6  -5  9.8223E-6
-3.6  -4.9  9.4322E-6
-3.6  -4.8  7.6887E-6
-3.6  -4  5.342E-6
-3.6  -3.9  5.7068E-6
-3.6  -1.5  6.9254E-6
-3.6  -1.4  8.7629E-6
-3.6  -1.3  1.0024E-5
-3.6  -1.2  1.038E-5
-3.6  -1.1  9.7474E-6
-3.6  -1  8.2801E-6
-3.6  -0.9  6.3102E-6
-3.5  -7.6  6.2882E-6
-3.5  -7.5  7.6584E-6
-3.5  -7.4  8.1414E-6
-3.5  -7.3  7.5103E-6
-3.5  -7.2  5.9428E-6
-3.5  -6.5  6.1411E-6
-3.5  -6.4  8.8973E-6
-3.5  -6.3  1.0871E-5
-3.5  -6.2  1.1641E-5
-3.5  -6.1  1.088E-5
-3.5  -6  8.8526E-6
-3.5  -5.9  6.0314E-6
-3.5  -5.3  6.2756E-6
-3.5  -5.2  9.2232E-6
-3.5  -5.1  1.1167E-5
-3.5  -5  1.1506E-5
-3.5  -4.9  1.014E-5
-3.5  -4.8  7.504E-6
-3.5  -4.1  6.8893E-6
-3.5  -4  8.063E-6
-3.5  -3.9  7.8939E-6
-3.5  -3.8  6.4524E-6
-3.5  -1.5  5.623E-6
-3.5  -1.4  7.5766E-6
-3.5  -1.3  8.9643E-6
-3.5  -1.2  9.4211E-6
-3.5  -1.1  8.8712E-6
-3.5  -1  7.5075E-6
-3.5  -0.9  5.675E-6
-3.4  -7.6  5.9127E-6
-3.4  -7.5  6.7698E-6
-3.4  -7.4  6.7424E-6
-3.4  -7.3  5.7889E-6
-3.4  -6.5  7.3084E-6
-3.4  -6.4  9.7352E-6
-3.4  -6.3  1.1208E-5
-3.4  -6.2  1.129E-5
-3.4  -6.1  9.933E-6
-3.4  -6  7.462E-6
-3.4  -5.4  5.4174E-6
-3.4  -5.3  8.8762E-6
-3.4  -5.2  1.1711E-5
-3.4  -5.1  1.3041E-5
-3.4  -5  1.244E-5
-3.4  -4.9  1.0085E-5
-3.4  -4.8  6.6859E-6
-3.4  -4.2  8.0132E-6
-3.4  -4.1  1.03E-5
-3.4  -4  1.0952E-5
-3.4  -3.9  9.8168E-6
-3.4  -3.8  7.2388E-6
-3.4  -3.1  5.7166E-6
-3.4  -3  6.2893E-6
-3.4  -2.9  5.7455E-6
-3.4  -1.3  6.4791E-6
-3.4  -1.2  7.2241E-6
-3.4  -1.1  7.0972E-6
-3.4  -1  6.1395E-6
-3.3  -7.5  5.537E-6
-3.3  -6.6  5.6631E-6
-3.3  -6.5  8.2483E-6
-3.3  -6.4  1.0223E-5
-3.3  -6.3  1.1084E-5
-3.3  -6.2  1.0484E-5
-3.3  -6.1  8.528E-6
-3.3  -6  5.7552E-6
-3.3  -5.4  7.9065E-6
-3.3  -5.3  1.1485E-5
-3.3  -5.2  1.3923E-5
-3.3  -5.1  1.4413E-5
-3.3  -5  1.2729E-5
-3.3  -4.9  9.4011E-6
-3.3  -4.8  5.4338E-6
-3.3  -4.3  8.3921E-6
-3.3  -4.2  1.1985E-5
-3.3  -4.1  1.3921E-5
-3.3  -4  1.3556E-5
-3.3  -3.9  1.1093E-5
-3.3  -3.8  7.3263E-6
-3.3  -3.3  5.2716E-6
-3.3  -3.2  8.2683E-6
-3.3  -3.1  1.0221E-5
-3.3  -3  1.0356E-5
-3.3  -2.9  8.6912E-6
-3.3  -2.8  5.9713E-6
-3.2  -6.6  6.5457E-6
-3.2  -6.5  8.7473E-6
-3.2  -6.4  1.0116E-5
-3.2  -6.3  1.0224E-5
-3.2  -6.2  8.9694E-6
-3.2  -6.1  6.6461E-6
-3.2  -5.5  6.5746E-6
-3.2  -5.4  1.0705E-5
-3.2  -5.3  1.4138E-5
-3.2  -5.2  1.5822E-5
-3.2  -5.1  1.5155E-5
-3.2  -5  1.2193E-5
-3.2  -4.9  7.897E-6
-3.2  -4.4  7.9438E-6
-3.2  -4.3  1.2778E-5
-3.2  -4.2  1.6406E-5
-3.2  -4.1  1.7579E-5
-3.2  -4  1.583E-5
-3.2  -3.9  1.1732E-5
-3.2  -3.8  6.7068E-6
-3.2  -3.4  5.6401E-6
-3.2  -3.3  1.0296E-5
-3.2  -3.2  1.4139E-5
-3.2  -3.1  1.5906E-5
-3.2  -3  1.4989E-5
-3.2  -2.9  1.1671E-5
-3.2  -2.8  7.3168E-6
-3.2  -2.3  5.7629E-6
-3.2  -2.2  8.6067E-6
-3.2  -2.1  1.0163E-5
-3.2  -2  9.9906E-6
-3.2  -1.9  8.2882E-6
-3.2  -1.8  5.6055E-6
-3.1  -6.6  6.8639E-6
-3.1  -6.5  8.5081E-6
-3.1  -6.4  9.2123E-6
-3.1  -6.3  8.737E-6
-3.1  -6.2  7.1185E-6
-3.1  -5.5  9.2907E-6
-3.1  -5.4  1.3377E-5
-3.1  -5.3  1.6057E-5
-3.1  -5.2  1.644E-5
-3.1  -5.1  1.4382E-5
-3.1  -5  1.0321E-5
-3.1  -4.9  5.7241E-6
-3.1  -4.5  6.9737E-6
-3.1  -4.4  1.2903E-5
-3.1  -4.3  1.8418E-5
-3.1  -4.2  2.1525E-5
-3.1  -4.1  2.1029E-5
-3.1  -4  1.7096E-5
-3.1  -3.9  1.1031E-5
-3.1  -3.4  1.131E-5
-3.1  -3.3  1.7796E-5
-3.1  -3.2  2.2415E-5
-3.1  -3.1  2.3633E-5
-3.1  -3  2.0757E-5
-3.1  -2.9  1.4747E-5
-3.1  -2.8  7.8123E-6
-3.1  -2.4  8.4237E-6
-3.1  -2.3  1.5247E-5
-3.1  -2.2  2.1542E-5
-3.1  -2.1  2.553E-5
-3.1  -2  2.6411E-5
-3.1  -1.9  2.3256E-5
-3.1  -1.8  1.7942E-5
-3.1  -1.7  1.1904E-5
-3.1  -1.6  6.7003E-6
-3  -6.6  6.7711E-6
-3  -6.5  7.9335E-6
-3  -6.4  8.142E-6
-3  -6.3  7.225E-6
-3  -6.2  5.3739E-6
-3  -5.6  7.2918E-6
-3  -5.5  1.1572E-5
-3  -5.4  1.5072E-5
-3  -5.3  1.6649E-5
-3  -5.2  1.5803E-5
-3  -5.1  1.2611E-5
-3  -5  8.0017E-6
-3  -4.6  5.579E-6
-3  -4.5  1.2006E-5
-3  -4.4  1.8895E-5
-3  -4.3  2.3947E-5
-3  -4.2  2.5176E-5
-3  -4.1  2.2254E-5
-3  -4  1.6099E-5
-3  -3.9  8.7565E-6
-3  -3.5  1.1573E-5
-3  -3.4  2.1121E-5
-3  -3.3  2.9583E-5
-3  -3.2  3.3821E-5
-3  -3.1  3.2132E-5
-3  -3  2.5076E-5
-3  -2.9  1.53E-5
-3  -2.8  6.4296E-6
-3  -2.5  1.0234E-5
-3  -2.4  2.2681E-5
-3  -2.3  3.6976E-5
-3  -2.2  4.9099E-5
-3  -2.1  5.5738E-5
-3  -2  5.6248E-5
-3  -1.9  5.2025E-5
-3  -1.8  4.3602E-5
-3  -1.7  2.8368E-5
-3  -1.6  1.14E-5
-3  -1.5  8.1487E-6
-3  -1.4  1.122E-5
-3  -0.3  6.6686E-6
-2.9  -6.6  6.4324E-6
-2.9  -6.5  7.0927E-6
-2.9  -6.4  6.7703E-6
-2.9  -6.3  5.518E-6
-2.9  -5.6  9.3604E-6
-2.9  -5.5  1.3427E-5
-2.9  -5.4  1.6201E-5
-2.9  -5.3  1.6684E-5
-2.9  -5.2  1.4591E-5
-2.9  -5.1  1.0428E-5
-2.9  -5  5.5695E-6
-2.9  -4.6  9.8458E-6
-2.9  -4.5  1.7515E-5
-2.9  -4.4  2.4334E-5
-2.9  -4.3  2.8027E-5
-2.9  -4.2  2.7113E-5
-2.9  -4.1  2.1797E-5
-2.9  -4  1.3858E-5
-2.9  -3.9  6.0689E-6
-2.9  -3.6  1.0519E-5
-2.9  -3.5  2.2237E-5
-2.9  -3.4  3.4027E-5
-2.9  -3.3  4.1922E-5
-2.9  -3.2  4.3108E-5
-2.9  -3.1  3.7232E-5
-2.9  -3  2.628E-5
-2.9  -2.9  1.3707E-5
-2.9  -2.6  9.9979E-6
-2.9  -2.5  2.7635E-5
-2.9  -2.4  5.0331E-5
-2.9  -2.3  7.3905E-5
-2.9  -2.2  9.7612E-5
-2.9  -2.1  1.1461E-4
-2.9  -2  9.171E-5
-2.9  -1.9  5.0116E-5
-2.9  -1.8  1.0019E-4
-2.9  -1.7  1.2712E-4
-2.9  -1.6  3.7121E-5
-2.9  -1.5  8.9297E-6
-2.9  -1.3  5.6455E-6
-2.9  0.8 6.3255E-6
-2.8  -6.6  5.633E-6
-2.8  -6.5  5.7862E-6
-2.8  -5.7  7.2009E-6
-2.8  -5.6  1.1419E-5
-2.8  -5.5  1.4947E-5
-2.8  -5.4  1.6618E-5
-2.8  -5.3  1.5696E-5
-2.8  -5.2  1.2301E-5
-2.8  -5.1  7.492E-6
-2.8  -4.7  7.2851E-6
-2.8  -4.6  1.5106E-5
-2.8  -4.5  2.348E-5
-2.8  -4.4  2.9862E-5
-2.8  -4.3  3.1822E-5
-2.8  -4.2  2.8361E-5
-2.8  -4.1  2.0324E-5
-2.8  -4  1.0775E-5
-2.8  -3.7  7.895E-6
-2.8  -3.6  1.9978E-5
-2.8  -3.5  3.4786E-5
-2.8  -3.4  4.786E-5
-2.8  -3.3  5.5152E-5
-2.8  -3.2  5.4163E-5
-2.8  -3.1  4.3643E-5
-2.8  -3  2.7059E-5
-2.8  -2.9  1.0722E-5
-2.8  -2.7  7.5268E-6
-2.8  -2.6  2.6996E-5
-2.8  -2.5  6.3541E-5
-2.8  -2.4  1.2313E-4
-2.8  -2.3  8.146E-5
-2.8  -2.2  8.9399E-5
-2.8  -2.1  2.7678E-4
-2.8  -2  4.0725E-4
-2.8  -1.9  8.6351E-5
-2.8  -1.8  4.4299E-5
-2.8  -1.7  4.6555E-5
-2.8  -1.6  1.1295E-4
-2.8  -1.5  1.0054E-4
-2.8  -1.4  1.4178E-5
-2.8  0.6 8.8671E-6
-2.7  -5.7  8.914E-6
-2.7  -5.6  1.2613E-5
-2.7  -5.5  1.4976E-5
-2.7  -5.4  1.5191E-5
-2.7  -5.3  1.3019E-5
-2.7  -5.2  8.9953E-6
-2.7  -4.7  1.2384E-5
-2.7  -4.6  2.1851E-5
-2.7  -4.5  3.0412E-5
-2.7  -4.4  3.5071E-5
-2.7  -4.3  3.3767E-5
-2.7  -4.2  2.6451E-5
-2.7  -4.1  1.586E-5
-2.7  -4  6.1896E-6
-2.7  -3.7  1.6956E-5
-2.7  -3.6  3.4884E-5
-2.7  -3.5  5.5271E-5
-2.7  -3.4  7.0632E-5
-2.7  -3.3  7.4264E-5
-2.7  -3.2  6.3324E-5
-2.7  -3.1  4.1799E-5
-2.7  -3  1.9577E-5
-2.7  -2.8  5.6665E-6
-2.7  -2.7  2.3632E-5
-2.7  -2.6  3.0354E-5
-2.7  -2.5  7.8143E-5
-2.7  -2.4  5.0455E-4
-2.7  -2.3  2.7237E-4
-2.7  -2.2  1.0967E-4
-2.7  -2.1  9.0004E-5
-2.7  -2  1.5083E-4
-2.7  -1.9  5.1425E-4
-2.7  -1.8  3.0885E-4
-2.7  -1.7  6.3874E-5
-2.7  -1.6  3.0772E-5
-2.7  -1.5  2.668E-5
-2.7  -1.4  4.8522E-5
-2.7  -1.3  7.4499E-5
-2.7  -1.2  2.0141E-5
-2.6  -5.8  6.2375E-6
-2.6  -5.7  9.6666E-6
-2.6  -5.6  1.256E-5
-2.6  -5.5  1.3844E-5
-2.6  -5.4  1.3072E-5
-2.6  -5.3  1.0217E-5
-2.6  -5.2  6.0956E-6
-2.6  -4.8  9.194E-6
-2.6  -4.7  1.8381E-5
-2.6  -4.6  2.7788E-5
-2.6  -4.5  3.4218E-5
-2.6  -4.4  3.508E-5
-2.6  -4.3  3.0095E-5
-2.6  -4.2  2.0766E-5
-2.6  -4.1  1.04E-5
-2.6  -3.8  1.3668E-5
-2.6  -3.7  3.3836E-5
-2.6  -3.6  5.7488E-5
-2.6  -3.5  7.4748E-5
-2.6  -3.4  7.9001E-5
-2.6  -3.3  7.1594E-5
-2.6  -3.2  6.1092E-5
-2.6  -3.1  5.0958E-5
-2.6  -3  1.501E-5
-2.6  -2.8  1.7282E-5
-2.6  -2.7  1.2589E-4
-2.6  -2.6  1.1381E-4
-2.6  -2.5  7.6076E-5
-2.6  -2.4  1.0433E-4
-2.6  -2.3  2.8892E-4
-2.6  -2.2  0.0014
-2.6  -2.1  4.9176E-4
-2.6  -2  1.4467E-4
-2.6  -1.9  9.8183E-5
-2.6  -1.8  1.1348E-4
-2.6  -1.7  2.485E-4
-2.6  -1.6  0.0011
-2.6  -1.5  1.2441E-4
-2.6  -1.4  2.2487E-5
-2.6  -1.3  6.5024E-6
-2.5  -5.8  7.1172E-6
-2.5  -5.7  1.0178E-5
-2.5  -5.6  1.2326E-5
-2.5  -5.5  1.267E-5
-2.5  -5.4  1.0903E-5
-2.5  -5.3  7.4358E-6
-2.5  -4.9  5.8067E-6
-2.5  -4.8  1.3488E-5
-2.5  -4.7  2.2677E-5
-2.5  -4.6  3.073E-5
-2.5  -4.5  3.5284E-5
-2.5  -4.4  3.4423E-5
-2.5  -4.3  2.7689E-5
-2.5  -4.2  1.6861E-5
-2.5  -4.1  6.3071E-6
-2.5  -3.9  8.5317E-6
-2.5  -3.8  2.4232E-5
-2.5  -3.7  4.3822E-5
-2.5  -3.6  6.4757E-5
-2.5  -3.5  1.1247E-4
-2.5  -3.4  1.5581E-4
-2.5  -3.3  4.6536E-5
-2.5  -3.2  2.7844E-5
-2.5  -3.1  4.1144E-5
-2.5  -3  1.4201E-5
-2.5  -2.9  5.7834E-6
-2.5  -2.8  1.6193E-5
-2.5  -2.7  5.1709E-5
-2.5  -2.6  3.4381E-4
-2.5  -2.5  7.4335E-4
-2.5  -2.4  3.9562E-4
-2.5  -2.3  1.8086E-4
-2.5  -2.2  1.6831E-4
-2.5  -2.1  2.6861E-4
-2.5  -2  9.4864E-4
-2.5  -1.9  0.0021
-2.5  -1.8  4.6507E-4
-2.5  -1.7  1.0487E-4
-2.5  -1.6  4.3407E-5
-2.5  -1.5  2.3508E-5
-2.5  -1.4  1.5542E-5
-2.5  -1.3  1.413E-5
-2.5  -1.2  2.6916E-5
-2.5  -1.1  6.7325E-6
-2.4  -5.8  7.7625E-6
-2.4  -5.7  1.0075E-5
-2.4  -5.6  1.1136E-5
-2.4  -5.5  1.0324E-5
-2.4  -5.4  7.7812E-6
-2.4  -4.9  9.3376E-6
-2.4  -4.8  1.8463E-5
-2.4  -4.7  2.8733E-5
-2.4  -4.6  3.6907E-5
-2.4  -4.5  3.9539E-5
-2.4  -4.4  3.4026E-5
-2.4  -4.3  2.2104E-5
-2.4  -4.2  9.5033E-6
-2.4  -3.9  1.5244E-5
-2.4  -3.8  7.8936E-5
-2.4  -3.7  6.5952E-5
-2.4  -3.6  4.0183E-5
-2.4  -3.5  6.5094E-5
-2.4  -3.4  1.883E-4
-2.4  -3.3  1.1765E-4
-2.4  -3.2  1.8603E-5
-2.4  -2.9  9.2623E-5
-2.4  -2.8  3.1946E-4
-2.4  -2.7  1.3639E-4
-2.4  -2.6  1.1113E-4
-2.4  -2.5  1.5417E-4
-2.4  -2.4  3.5451E-4
-2.4  -2.3  0.0021
-2.4  -2.2  0.003
-2.4  -2.1  7.1895E-4
-2.4  -2  2.3704E-4
-2.4  -1.9  1.3247E-4
-2.4  -1.8  9.7878E-5
-2.4  -1.7  9.5418E-5
-2.4  -1.6  1.4329E-4
-2.4  -1.5  6.2149E-4
-2.4  -1.4  1.65E-4
-2.4  -1.3  1.235E-5
-2.4  -0.7  5.7892E-6
-2.4  -0.6  3.7838E-5
-2.4  -0.5  5.8893E-6
-2.3  -5.8  7.2515E-6
-2.3  -5.7  8.6057E-6
-2.3  -5.6  8.726E-6
-2.3  -5.5  7.3768E-6
-2.3  -5  6.5269E-6
-2.3  -4.9  1.5009E-5
-2.3  -4.8  2.5012E-5
-2.3  -4.7  3.2671E-5
-2.3  -4.6  3.4205E-5
-2.3  -4.5  2.9306E-5
-2.3  -4.4  2.0353E-5
-2.3  -4.3  1.1091E-5
-2.3  -4.2  5.8728E-6
-2.3  -4  7.0956E-6
-2.3  -3.9  1.3615E-5
-2.3  -3.8  5.308E-5
-2.3  -3.7  2.7158E-4
-2.3  -3.6  1.0001E-4
-2.3  -3.5  4.1081E-5
-2.3  -3.4  3.1427E-5
-2.3  -3.3  3.8713E-5
-2.3  -3.2  6.7766E-5
-2.3  -3.1  9.8495E-6
-2.3  -3  8.5035E-6
-2.3  -2.9  2.3073E-5
-2.3  -2.8  6.0039E-5
-2.3  -2.7  2.2198E-4
-2.3  -2.6  0.0017
-2.3  -2.5  0.003
-2.3  -2.4  5.9368E-4
-2.3  -2.3  2.8994E-4
-2.3  -2.2  2.1788E-4
-2.3  -2.1  2.1252E-4
-2.3  -2  2.8019E-4
-2.3  -1.9  6.4672E-4
-2.3  -1.8  0.0027
-2.3  -1.7  0.001
-2.3  -1.6  1.0941E-4
-2.3  -1.5  3.1649E-5
-2.3  -1.4  1.2623E-5
-2.3  -1.3  5.4023E-6
-2.3  -0.9  7.0372E-5
-2.3  -0.8  3.9967E-5
-2.3  -0.7  5.8285E-6
-2.2  -5.8  6.4181E-6
-2.2  -5.7  7.2475E-6
-2.2  -5.6  6.9168E-6
-2.2  -5.5  5.3297E-6
-2.2  -5  8.8722E-6
-2.2  -4.9  1.528E-5
-2.2  -4.8  2.0695E-5
-2.2  -4.7  2.4412E-5
-2.2  -4.6  3.5895E-5
-2.2  -4.5  4.4674E-5
-2.2  -4.4  2.119E-5
-2.2  -4.1  1.2213E-5
-2.2  -4  4.1751E-5
-2.2  -3.9  3.195E-5
-2.2  -3.8  2.7536E-5
-2.2  -3.7  4.1988E-5
-2.2  -3.6  1.1878E-4
-2.2  -3.5  4.1031E-4
-2.2  -3.4  1.139E-4
-2.2  -3.3  1.7147E-5
-2.2  -3  3.677E-5
-2.2  -2.9  5.7152E-4
-2.2  -2.8  7.578E-4
-2.2  -2.7  2.8253E-4
-2.2  -2.6  2.0638E-4
-2.2  -2.5  2.0765E-4
-2.2  -2.4  2.6503E-4
-2.2  -2.3  4.5695E-4
-2.2  -2.2  0.0015
-2.2  -2.1  0.0046
-2.2  -2  0.002
-2.2  -1.9  3.4959E-4
-2.2  -1.8  1.3932E-4
-2.2  -1.7  7.3851E-5
-2.2  -1.6  4.7454E-5
-2.2  -1.5  3.4272E-5
-2.2  -1.4  2.7104E-5
-2.2  -1.3  2.3682E-5
-2.2  -1.2  3.6134E-5
-2.2  -1  5.8538E-6
-2.1  -5.8  5.8148E-6
-2.1  -5.7  5.9934E-6
-2.1  -5  1.1747E-5
-2.1  -4.9  3.2405E-5
-2.1  -4.8  3.9144E-5
-2.1  -4.7  1.5301E-5
-2.1  -4.6  1.1236E-5
-2.1  -4.5  1.6093E-5
-2.1  -4.4  1.981E-5
-2.1  -4.3  5.4226E-6
-2.1  -4  2.0159E-5
-2.1  -3.9  1.5278E-4
-2.1  -3.8  2.2947E-4
-2.1  -3.7  1.0031E-4
-2.1  -3.6  4.038E-5
-2.1  -3.5  2.715E-5
-2.1  -3.4  2.2678E-5
-2.1  -3.3  2.3075E-5
-2.1  -3.2  2.6877E-5
-2.1  -3.1  5.3423E-5
-2.1  -3  5.3959E-5
-2.1  -2.9  6.9883E-5
-2.1  -2.8  1.0455E-4
-2.1  -2.7  1.8173E-4
-2.1  -2.6  3.9461E-4
-2.1  -2.5  0.0016
-2.1  -2.4  0.0118
-2.1  -2.3  0.0024
-2.1  -2.2  6.3284E-4
-2.1  -2.1  3.0416E-4
-2.1  -2  1.9557E-4
-2.1  -1.9  1.5224E-4
-2.1  -1.8  1.3981E-4
-2.1  -1.7  1.539E-4
-2.1  -1.6  2.3043E-4
-2.1  -1.5  0.001
-2.1  -1.4  0.0011
-2.1  -1.3  2.5071E-5
-2  -4.9  1.0025E-5
-2  -4.8  3.2527E-5
-2  -4.7  6.9546E-5
-2  -4.6  1.4866E-5
-2  -4.2  1.8094E-5
-2  -4.1  4.6219E-5
-2  -4  2.6403E-5
-2  -3.9  2.425E-5
-2  -3.8  3.1174E-5
-2  -3.7  5.5987E-5
-2  -3.6  1.925E-4
-2  -3.5  2.5778E-4
-2  -3.4  6.5795E-5
-2  -3.1  1.719E-5
-2  -3  5.8295E-5
-2  -2.9  1.976E-4
-2  -2.8  0.0011
-2  -2.7  0.0085
-2  -2.6  0.0025
-2  -2.5  6.7615E-4
-2  -2.4  3.9262E-4
-2  -2.3  2.9774E-4
-2  -2.2  2.6828E-4
-2  -2.1  2.8275E-4
-2  -2  3.5568E-4
-2  -1.9  5.9232E-4
-2  -1.8  0.0026
-2  -1.7  0.0102
-2  -1.6  4.5646E-4
-2  -1.5  5.7721E-5
-2  -1.4  9.5601E-6
-1.9  -5.1  2.612E-5
-1.9  -5  1.7039E-5
-1.9  -4.9  8.6339E-6
-1.9  -4.8  7.0901E-6
-1.9  -4.7  8.9272E-6
-1.9  -4.6  1.8553E-5
-1.9  -4.5  2.8339E-5
-1.9  -4.1  1.1681E-5
-1.9  -4  4.1658E-5
-1.9  -3.9  2.6499E-4
-1.9  -3.8  4.8947E-4
-1.9  -3.7  9.1897E-5
-1.9  -3.6  2.987E-5
-1.9  -3.5  1.2566E-5
-1.9  -3.2  2.5875E-5
-1.9  -3.1  4.3872E-4
-1.9  -3  0.0017
-1.9  -2.9  9.9749E-4
-1.9  -2.8  4.1459E-4
-1.9  -2.7  3.0267E-4
-1.9  -2.6  2.7791E-4
-1.9  -2.5  2.936E-4
-1.9  -2.4  3.554E-4
-1.9  -2.3  5.0067E-4
-1.9  -2.2  8.8636E-4
-1.9  -2.1  0.0026
-1.9  -2  0.0304
-1.9  -1.9  0.0029
-1.9  -1.8  3.8366E-4
-1.9  -1.7  1.0638E-4
-1.9  -1.6  3.179E-5
-1.9  -1.5  8.3317E-6
-1.8  -5  1.2099E-5
-1.8  -4.9  5.7311E-5
-1.8  -4.8  3.038E-5
-1.8  -4.7  7.9714E-6
-1.8  -4.3  6.6419E-6
-1.8  -4.2  1.1147E-4
-1.8  -4.1  8.1721E-5
-1.8  -4  3.7025E-5
-1.8  -3.9  2.6357E-5
-1.8  -3.8  2.2803E-5
-1.8  -3.7  2.1676E-5
-1.8  -3.6  2.1814E-5
-1.8  -3.5  2.1086E-5
-1.8  -3.4  2.317E-5
-1.8  -3.3  1.3021E-4
-1.8  -3.2  1.1512E-4
-1.8  -3.1  1.0387E-4
-1.8  -3  1.1477E-4
-1.8  -2.9  1.4333E-4
-1.8  -2.8  1.9037E-4
-1.8  -2.7  2.7694E-4
-1.8  -2.6  4.5239E-4
-1.8  -2.5  9.024E-4
-1.8  -2.4  0.0029
-1.8  -2.3  0.037
-1.8  -2.2  0.0155
-1.8  -2.1  0.0013
-1.8  -2  4.1564E-4
-1.8  -1.9  1.6496E-4
-1.8  -1.8  6.9531E-5
-1.8  -1.7  2.8972E-5
-1.8  -1.6  1.0161E-5
-1.7  -5.3  5.9904E-6
-1.7  -5.2  1.4956E-5
-1.7  -5.1  7.4416E-6
-1.7  -4.7  5.5804E-6
-1.7  -4.6  1.0473E-5
-1.7  -4.2  7.3878E-6
-1.7  -4.1  1.1622E-5
-1.7  -4  1.9194E-5
-1.7  -3.9  3.5286E-5
-1.7  -3.8  8.9036E-5
-1.7  -3.7  3.5111E-4
-1.7  -3.6  1.7287E-4
-1.7  -3.5  9.7996E-6
-1.7  -3.3  1.1375E-5
-1.7  -3.2  2.9539E-5
-1.7  -3.1  6.1259E-5
-1.7  -3  1.2051E-4
-1.7  -2.9  2.4362E-4
-1.7  -2.8  5.7269E-4
-1.7  -2.7  0.0022
-1.7  -2.6  0.0274
-1.7  -2.5  0.0228
-1.7  -2.4  0.0023
-1.7  -2.3  8.2143E-4
-1.7  -2.2  3.8711E-4
-1.7  -2.1  2.0483E-4
-1.7  -2  1.1384E-4
-1.7  -1.9  6.1997E-5
-1.7  -1.8  3.1013E-5
-1.7  -1.7  1.3439E-5
-1.6  -5  1.7397E-5
-1.6  -4.9  3.2093E-5
-1.6  -4.8  1.745E-5
-1.6  -4.3  5.7091E-6
-1.6  -4.2  2.1291E-5
-1.6  -4.1  1.1411E-4
-1.6  -4  6.4129E-4
-1.6  -3.9  2.1173E-4
-1.6  -3.8  4.4039E-5
-1.6  -3.7  1.4559E-5
-1.6  -3.3  1.9244E-5
-1.6  -3.2  6.3801E-5
-1.6  -3.1  2.0648E-4
-1.6  -3  9.7288E-4
-1.6  -2.9  0.0098
-1.6  -2.8  0.0218
-1.6  -2.7  0.0024
-1.6  -2.6  9.4542E-4
-1.6  -2.5  5.2612E-4
-1.6  -2.4  3.3641E-4
-1.6  -2.3  2.2747E-4
-1.6  -2.2  1.5498E-4
-1.6  -2.1  1.0283E-4
-1.6  -2  6.5092E-5
-1.6  -1.9  3.8285E-5
-1.6  -1.8  1.9713E-5
-1.6  -1.7  8.0719E-6
-1.5  -5.3  9.2665E-6
-1.5  -5.2  1.2168E-5
-1.5  -4.4  6.6284E-5
-1.5  -4.3  1.1625E-4
-1.5  -4.2  4.8912E-5
-1.5  -4.1  2.4278E-5
-1.5  -4  1.7083E-5
-1.5  -3.9  1.2372E-5
-1.5  -3.8  8.4249E-6
-1.5  -3.4  2.3359E-5
-1.5  -3.3  1.7106E-4
-1.5  -3.2  0.0021
-1.5  -3.1  0.0062
-1.5  -3  0.0012
-1.5  -2.9  6.3049E-4
-1.5  -2.8  4.302E-4
-1.5  -2.7  3.3096E-4
-1.5  -2.6  2.6759E-4
-1.5  -2.5  2.1936E-4
-1.5  -2.4  1.7857E-4
-1.5  -2.3  1.4152E-4
-1.5  -2.2  1.0791E-4
-1.5  -2.1  7.756E-5
-1.5  -2  5.1458E-5
-1.5  -1.9  3.0484E-5
-1.5  -1.8  1.5111E-5
-1.5  -1.7  5.4635E-6
-1.4  -4.8  7.7531E-6
-1.4  -4.3  5.2876E-6
-1.4  -4.2  6.8268E-6
-1.4  -4.1  8.3396E-6
-1.4  -4  9.5877E-6
-1.4  -3.9  1.0197E-5
-1.4  -3.8  9.425E-6
-1.4  -3.7  6.0167E-6
-1.4  -3.6  5.4634E-6
-1.4  -3.5  4.1813E-4
-1.4  -3.4  9.2972E-4
-1.4  -3.3  3.4566E-4
-1.4  -3.2  2.2492E-4
-1.4  -3.1  2.0015E-4
-1.4  -3  1.9354E-4
-1.4  -2.9  1.9124E-4
-1.4  -2.8  1.8929E-4
-1.4  -2.7  1.8526E-4
-1.4  -2.6  1.7745E-4
-1.4  -2.5  1.649E-4
-1.4  -2.4  1.4735E-4
-1.4  -2.3  1.2567E-4
-1.4  -2.2  1.0117E-4
-1.4  -2.1  7.5786E-5
-1.4  -2  5.1425E-5
-1.4  -1.9  3.0167E-5
-1.4  -1.8  1.4054E-5
-1.3  -5.2  6.0693E-6
-1.3  -5.1  2.5589E-5
-1.3  -4.2  9.0196E-6
-1.3  -4.1  1.6326E-5
-1.3  -4  3.2739E-5
-1.3  -3.9  9.2164E-5
-1.3  -3.8  1.4489E-4
-1.3  -3.7  2.3219E-5
-1.3  -3.6  8.6425E-6
-1.3  -3.5  2.229E-5
-1.3  -3.4  3.8332E-5
-1.3  -3.3  5.6134E-5
-1.3  -3.2  7.5278E-5
-1.3  -3.1  9.5505E-5
-1.3  -3  1.1603E-4
-1.3  -2.9  1.3517E-4
-1.3  -2.8  1.5148E-4
-1.3  -2.7  1.6347E-4
-1.3  -2.6  1.6954E-4
-1.3  -2.5  1.684E-4
-1.3  -2.4  1.5946E-4
-1.3  -2.3  1.43E-4
-1.3  -2.2  1.2011E-4
-1.3  -2.1  9.2746E-5
-1.3  -2  6.3958E-5
-1.3  -1.9  3.6711E-5
-1.3  -1.8  1.5032E-5
-1.3  -1.5  1.6473E-5
-1.2  -4.4  8.6543E-6
-1.2  -4.3  3.8545E-5
-1.2  -4.2  2.256E-4
-1.2  -4.1  5.3728E-4
-1.2  -4  6.3197E-5
-1.2  -3.9  1.3312E-5
-1.2  -3.5  1.126E-5
-1.2  -3.4  2.2819E-5
-1.2  -3.3  3.8843E-5
-1.2  -3.2  5.8904E-5
-1.2  -3.1  8.2905E-5
-1.2  -3  1.0981E-4
-1.2  -2.9  1.3807E-4
-1.2  -2.8  1.6577E-4
-1.2  -2.7  1.9039E-4
-1.2  -2.6  2.0932E-4
-1.2  -2.5  2.1983E-4
-1.2  -2.4  2.1959E-4
-1.2  -2.3  2.0784E-4
-1.2  -2.2  1.8492E-4
-1.2  -2.1  1.5066E-4
-1.2  -2  1.0901E-4
-1.2  -1.9  6.407E-5
-1.2  -1.8  2.2953E-5
-1.2  -1.6  7.178E-5
-1.2  -1.5  0.0037
-1.1  -4.6  1.6893E-5
-1.1  -4.5  1.2533E-4
-1.1  -4.4  3.7322E-5
-1.1  -4.3  1.7302E-5
-1.1  -4.2  1.0423E-5
-1.1  -4.1  6.366E-6
-1.1  -3.5  1.1398E-5
-1.1  -3.4  2.3324E-5
-1.1  -3.3  4.1227E-5
-1.1  -3.2  6.6085E-5
-1.1  -3.1  9.8233E-5
-1.1  -3  1.3747E-4
-1.1  -2.9  1.8244E-4
-1.1  -2.8  2.3219E-4
-1.1  -2.7  2.8298E-4
-1.1  -2.6  3.3207E-4
-1.1  -2.5  3.7694E-4
-1.1  -2.4  4.1044E-4
-1.1  -2.3  4.336E-4
-1.1  -2.2  4.4835E-4
-1.1  -2.1  4.4697E-4
-1.1  -2  4.3103E-4
-1.1  -1.9  4.3331E-4
-1.1  -1.8  7.5465E-4
-1.1  -1.7  1.6707E-4
-1.1  -1.6  1.6643E-4
-1.1  -1.5  1.2509E-4
-1  -3.6  6.2981E-6
-1  -3.5  1.5643E-5
-1  -3.4  3.1951E-5
-1  -3.3  5.7536E-5
-1  -3.2  9.571E-5
-1  -3.1  1.5003E-4
-1  -3  2.2206E-4
-1  -2.9  3.1483E-4
-1  -2.8  4.3429E-4
-1  -2.7  5.8626E-4
-1  -2.6  7.8475E-4
-1  -2.5  0.0011
-1  -2.4  0.0015
-1  -2.3  0.0026
-1  -2.2  0.0085
-1  -2.1  0.0223
-1  -2  0.0037
-1  -1.9  9.9745E-5
-1  -1.7  1.9719E-5
-1  -1.6  3.1424E-5
-1  -1.5  3.3437E-5
-0.9  -3.6  1.1206E-5
-0.9  -3.5  2.6723E-5
-0.9  -3.4  5.535E-5
-0.9  -3.3  1.0407E-4
-0.9  -3.2  1.8362E-4
-0.9  -3.1  3.1154E-4
-0.9  -3  5.1377E-4
-0.9  -2.9  8.4072E-4
-0.9  -2.8  0.0014
-0.9  -2.7  0.0027
-0.9  -2.6  0.0069
-0.9  -2.5  0.079
-0.9  -2.4  0.1699
-0.9  -2.3  0.0064
-0.9  -2.2  9.6389E-4
-0.9  -2.1  1.9921E-4
-0.9  -2  3.5086E-5
-0.9  -1.7  1.2031E-5
-0.9  -1.6  1.6861E-5
-0.9  -1.5  1.7379E-5
-0.8  -3.7  8.9555E-6
-0.8  -3.6  2.5924E-5
-0.8  -3.5  6.2713E-5
-0.8  -3.4  1.3724E-4
-0.8  -3.3  2.8733E-4
-0.8  -3.2  5.9029E-4
-0.8  -3.1  0.0013
-0.8  -3  0.0032
-0.8  -2.9  0.0145
-0.8  -2.8  0.0774
-0.8  -2.7  0.0423
-0.8  -2.6  0.0057
-0.8  -2.5  0.0018
-0.8  -2.4  6.7985E-4
-0.8  -2.3  2.6908E-4
-0.8  -2.2  9.3613E-5
-0.8  -2.1  2.56E-5
-0.8  -1.7  9.3128E-6
-0.8  -1.6  1.1415E-5
-0.8  -1.5  1.1023E-5
-0.7  -3.8  8.4741E-6
-0.7  -3.7  3.1841E-5
-0.7  -3.6  1.0202E-4
-0.7  -3.5  3.0082E-4
-0.7  -3.4  9.3761E-4
-0.7  -3.3  0.0038
-0.7  -3.2  0.0396
-0.7  -3.1  0.0381
-0.7  -3  0.0101
-0.7  -2.9  0.003
-0.7  -2.8  0.0014
-0.7  -2.7  8.1117E-4
-0.7  -2.6  4.6379E-4
-0.7  -2.5  2.5718E-4
-0.7  -2.4  1.3312E-4
-0.7  -2.3  6.1528E-5
-0.7  -2.2  2.2611E-5
-0.7  -1.7  7.4981E-6
-0.7  -1.6  8.2544E-6
-0.7  -1.5  7.3752E-6
-0.6  -3.9  1.7045E-5
-0.6  -3.8  1.1653E-4
-0.6  -3.7  0.0011
-0.6  -3.6  0.0109
-0.6  -3.5  0.013
-0.6  -3.4  0.0034
-0.6  -3.3  0.0015
-0.6  -3.2  8.982E-4
-0.6  -3.1  6.6308E-4
-0.6  -3  5.0863E-4
-0.6  -2.9  3.8143E-4
-0.6  -2.8  2.8086E-4
-0.6  -2.7  1.9776E-4
-0.6  -2.6  1.3054E-4
-0.6  -2.5  7.9191E-5
-0.6  -2.4  4.2405E-5
-0.6  -2.3  1.8889E-5
-0.6  -2.2  5.9861E-6
-0.6  -1.7  5.9986E-6
-0.6  -1.6  6.0364E-6
-0.5  -4.2  6.0616E-6
-0.5  -4.1  9.0062E-6
-0.5  -4  7.8613E-5
-0.5  -3.9  7.0872E-5
-0.5  -3.8  9.8104E-5
-0.5  -3.7  1.1027E-4
-0.5  -3.6  1.2276E-4
-0.5  -3.5  1.4017E-4
-0.5  -3.4  1.5394E-4
-0.5  -3.3  1.6083E-4
-0.5  -3.2  1.612E-4
-0.5  -3.1  1.5544E-4
-0.5  -3  1.4106E-4
-0.5  -2.9  1.2093E-4
-0.5  -2.8  9.7154E-5
-0.5  -2.7  7.2779E-5
-0.5  -2.6  4.9678E-5
-0.5  -2.5  3.0409E-5
-0.5  -2.4  1.5745E-5
-0.5  -2.3  6.169E-6
-0.4  -3.8  1.0001E-5
-0.4  -3.7  1.7053E-5
-0.4  -3.6  2.5075E-5
-0.4  -3.5  3.4407E-5
-0.4  -3.4  4.4402E-5
-0.4  -3.3  5.2072E-5
-0.4  -3.2  5.6432E-5
-0.4  -3.1  5.8108E-5
-0.4  -3  5.6044E-5
-0.4  -2.9  5.0074E-5
-0.4  -2.8  4.1421E-5
-0.4  -2.7  3.1333E-5
-0.4  -2.6  2.1236E-5
-0.4  -2.5  1.2523E-5
-0.4  -2.4  5.9795E-6
-0.3  -3.7  5.59E-6
-0.3  -3.6  8.9768E-6
-0.3  -3.5  1.3143E-5
-0.3  -3.4  1.7603E-5
-0.3  -3.3  2.1693E-5
-0.3  -3.2  2.4584E-5
-0.3  -3.1  2.5964E-5
-0.3  -3  2.5559E-5
-0.3  -2.9  2.3077E-5
-0.3  -2.8  1.9049E-5
-0.3  -2.7  1.4255E-5
-0.3  -2.6  9.299E-6
-0.2  -3.5  5.7282E-6
-0.2  -3.4  7.8722E-6
-0.2  -3.3  9.9584E-6
-0.2  -3.2  1.1511E-5
-0.2  -3.1  1.233E-5
-0.2  -3  1.2206E-5
-0.2  -2.9  1.1021E-5
-0.2  -2.8  9.0119E-6
-0.2  -2.7  6.5276E-6
-0.1  -3.2  5.4839E-6
-0.1  -3.1  5.9249E-6
-0.1  -3  5.8464E-6