0.3	-1	0.0041
0.6	-0.85	0.0137
1.05	-0.35	0.0081
1.1	-0.25	0.0165
1.15	-0.15	0.004
1.15	-0.1	0.2875
1.15	-0.05	0.0064
1.15	0	0.0024
1.2	-0.05	0.0109
1.2	0	0.077
1.2	0.05	0.1964
1.2	0.1	0.0083
1.25	-0.05	0.0039
1.25	0	0.0071
1.25	0.05	0.0076
1.25	0.1	0.0041
1.25	0.2	0.0145
1.25	0.25	0.0507
1.25	0.3	0.0023
1.3	-0.05	0.0028
1.3	0	0.0042
1.3	0.05	0.0035
1.3	0.5	0.032
1.3	0.55	0.028
1.3	0.6	0.0064
1.35	0	0.0028
1.35	0.85	0.0404
1.35	0.9	0.0239
1.35	0.95	0.0038
1.35	1	0.0029
1.35	1.05	0.0035
1.35	1.2	0.003
1.35	1.25	0.0045
1.35	1.3	0.0033
1.4	-1.4	0.0023
1.4	-1.35	0.0036
1.4	-1.3	0.0035
1.4	1.2	0.0513
1.4	1.25	0.2405
1.4	1.3	0.7775
1.4	1.35	0.0828
1.4	1.4	0.0037
1.45	-1.35	0.0045
1.45	-1.3	0.0172
1.45	-1.25	0.0224
1.45	-1.2	0.0209
1.45	-1.15	0.0023
1.6	-0.05	0.0056
1.6	0	0.0351
1.6	0.05	0.0137
1.6	0.1	0.0042
1.7	-0.05	0.02
1.7	0	0.0185
1.7	0.05	0.0035
1.75	0.3	0.0023
1.75	1.35	0.0022
1.8	0	0.0049
1.8	0.05	0.0054
1.95	-0.05	0.0054
1.95	0	0.007
1.95	0.05	0.005
2	-1.3	0.0026
2	-0.1	0.0058
2	-0.05	0.0164
2	0	0.0216
2	0.05	0.0156
2	0.1	0.0052
2	1.35	0.0031
2.05	-1.35	0.0024
2.05	-1.3	0.0037
2.05	-1.25	0.0032
2.05	-0.1	0.0085
2.05	-0.05	0.0237
2.05	0	0.0314
2.05	0.05	0.0229
2.05	0.1	0.0079
2.05	1.25	0.0054
2.05	1.3	0.0061
2.05	1.35	0.0044
2.1	-1.3	0.0029
2.1	-1.25	0.0025
2.1	-0.1	0.0067
2.1	-0.05	0.0181
2.1	0	0.0246
2.1	0.05	0.0181
2.1	0.1	0.0063
2.1	1.25	0.0031
2.1	1.3	0.0034
2.15	-0.1	0.0027
2.15	-0.05	0.0075
2.15	0	0.0101
2.15	0.05	0.0074
2.15	0.1	0.0025
2.2	-0.05	0.0046
2.2	0	0.0061
2.2	0.05	0.0042
2.25	-0.1	0.0044
2.25	-0.05	0.0127
2.25	0	0.0166
2.25	0.05	0.0117
2.25	0.1	0.0037
2.25	1.3	0.0024
2.3	-1.3	0.003
2.3	-1.25	0.0025
2.3	-0.1	0.0068
2.3	-0.05	0.0189
2.3	0	0.0253
2.3	0.05	0.018
2.3	0.1	0.006
2.3	1.25	0.0033
2.3	1.3	0.0038
2.3	1.35	0.0023
2.35	-0.1	0.0048
2.35	-0.05	0.0134
2.35	0	0.0177
2.35	0.05	0.0128
2.35	0.1	0.0043
2.35	1.25	0.0023
2.35	1.3	0.0026
2.4	-0.05	0.0034
2.4	0	0.0047
2.4	0.05	0.0035
2.45	-0.05	0.0038
2.45	0	0.0055
2.45	0.05	0.004
2.5	-1.3	0.0023
2.5	-0.1	0.0048
2.5	-0.05	0.0138
2.5	0	0.0192
2.5	0.05	0.0141
2.5	0.1	0.0049
2.5	1.25	0.0024
2.5	1.3	0.0028
2.55	-1.3	0.0026
2.55	-1.25	0.0023
2.55	-0.1	0.0054
2.55	-0.05	0.016
2.55	0	0.0219
2.55	0.05	0.0164
2.55	0.1	0.0056
2.55	1.25	0.0028
2.55	1.3	0.0032
2.6	-0.05	0.0051
2.6	0	0.0069
2.6	0.05	0.0053
2.65	-0.05	0.0022
2.65	0	0.0028
2.7	-1.35	0.0026
2.7	-1.3	0.0041
2.7	-1.25	0.0034
2.7	-0.1	0.0091
2.7	-0.05	0.0253
2.7	0	0.0339
2.7	0.05	0.0244
2.7	0.1	0.0083
2.7	1.25	0.0044
2.7	1.3	0.005
2.7	1.35	0.0031
2.75	-1.35	0.0049
2.75	-1.3	0.0078
2.75	-1.25	0.0066
2.75	-1.2	0.0026
2.75	-0.25	0.0031
2.75	-0.1	0.0165
2.75	-0.05	0.0478
2.75	0	0.064
2.75	0.05	0.0468
2.75	0.1	0.0161
2.75	0.25	0.0025
2.75	1.2	0.0033
2.75	1.25	0.0082
2.75	1.3	0.0094
2.75	1.35	0.0059
2.8	-1.35	0.003
2.8	-1.3	0.0047
2.8	-1.25	0.0041
2.8	-0.1	0.0103
2.8	-0.05	0.0287
2.8	0	0.0389
2.8	0.05	0.0287
2.8	0.1	0.0102
2.8	1.25	0.005
2.8	1.3	0.0057
2.8	1.35	0.0036
2.9	-1.4	0.0027
2.9	-1.35	0.0098
2.9	-1.3	0.0162
2.9	-1.25	0.0135
2.9	-1.2	0.0048
2.9	-0.4	0.003
2.9	-0.25	0.0057
2.9	-0.2	0.0043
2.9	-0.1	0.0305
2.9	-0.05	0.0952
2.9	0	0.1332
2.9	0.05	0.0947
2.9	0.1	0.0296
2.9	0.2	0.0046
2.9	0.25	0.0063
2.9	0.4	0.0025
2.9	1.2	0.0059
2.9	1.25	0.0164
2.9	1.3	0.0192
2.9	1.35	0.0117
2.9	1.4	0.0032
2.95	-1.4	0.0122
2.95	-1.35	0.0449
2.95	-1.3	0.0713
2.95	-1.25	0.0608
2.95	-1.2	0.0233
2.95	-1.1	0.0045
2.95	-1.05	0.0073
2.95	-0.9	0.0044
2.95	-0.75	0.0045
2.95	-0.7	0.0032
2.95	-0.6	0.0048
2.95	-0.55	0.0061
2.95	-0.45	0.0048
2.95	-0.4	0.0115
2.95	-0.35	0.0033
2.95	-0.3	0.0041
2.95	-0.25	0.0258
2.95	-0.2	0.0178
2.95	-0.15	0.0057
2.95	-0.1	0.1379
2.95	-0.05	0.4219
2.95	0	0.5829
2.95	0.05	0.4304
2.95	0.1	0.1407
2.95	0.15	0.0075
2.95	0.2	0.0176
2.95	0.25	0.0269
2.95	0.3	0.0054
2.95	0.35	0.003
2.95	0.4	0.0099
2.95	0.45	0.0035
2.95	0.55	0.0064
2.95	0.6	0.0042
2.95	0.7	0.0043
2.95	0.75	0.0052
2.95	0.85	0.0028
2.95	0.9	0.0061
2.95	1.05	0.0087
2.95	1.1	0.0054
2.95	1.2	0.027
2.95	1.25	0.072
2.95	1.3	0.0855
2.95	1.35	0.0534
2.95	1.4	0.0148
3	-2.65	0.0034
3	-2.6	0.0046
3	-2.55	0.0033
3	-1.55	0.0024
3	-1.4	0.0272
3	-1.35	0.0943
3	-1.3	0.153
3	-1.25	0.1302
3	-1.2	0.0495
3	-1.1	0.0094
3	-1.05	0.0153
3	-1	0.0031
3	-0.95	0.0023
3	-0.9	0.0092
3	-0.85	0.0037
3	-0.75	0.0093
3	-0.7	0.0065
3	-0.6	0.0096
3	-0.55	0.0124
3	-0.45	0.0097
3	-0.4	0.0241
3	-0.35	0.0066
3	-0.3	0.0103
3	-0.25	0.0551
3	-0.2	0.0374
3	-0.15	0.0139
3	-0.1	0.2958
3	-0.05	0.8997
3	0	1.2383
3	0.05	0.9101
3	0.1	0.3116
3	0.15	0.0106
3	0.2	0.0363
3	0.25	0.055
3	0.3	0.0111
3	0.35	0.0056
3	0.4	0.0205
3	0.45	0.0075
3	0.55	0.0132
3	0.6	0.0088
3	0.7	0.0088
3	0.75	0.0104
3	0.85	0.0055
3	0.9	0.0128
3	0.95	0.0033
3	1	0.0034
3	1.05	0.0184
3	1.1	0.0114
3	1.15	0.0027
3	1.2	0.0573
3	1.25	0.154
3	1.3	0.1806
3	1.35	0.1136
3	1.4	0.0328
3	1.55	0.0029
3.05	-2.65	0.0047
3.05	-2.6	0.0063
3.05	-2.55	0.0045
3.05	-1.55	0.0034
3.05	-1.5	0.0026
3.05	-1.4	0.036
3.05	-1.35	0.1298
3.05	-1.3	0.2092
3.05	-1.25	0.1797
3.05	-1.2	0.0686
3.05	-1.15	0.0036
3.05	-1.1	0.0127
3.05	-1.05	0.0213
3.05	-1	0.0042
3.05	-0.95	0.0034
3.05	-0.9	0.0129
3.05	-0.85	0.0051
3.05	-0.75	0.0122
3.05	-0.7	0.0089
3.05	-0.6	0.013
3.05	-0.55	0.0166
3.05	-0.45	0.0135
3.05	-0.4	0.032
3.05	-0.35	0.0089
3.05	-0.3	0.0131
3.05	-0.25	0.0763
3.05	-0.2	0.0509
3.05	-0.15	0.0158
3.05	-0.1	0.4089
3.05	-0.05	1.2388
3.05	0	1.7002
3.05	0.05	1.2545
3.05	0.1	0.4229
3.05	0.15	0.0219
3.05	0.2	0.0486
3.05	0.25	0.0769
3.05	0.3	0.0151
3.05	0.35	0.0077
3.05	0.4	0.0291
3.05	0.45	0.0109
3.05	0.55	0.0175
3.05	0.6	0.0119
3.05	0.7	0.0117
3.05	0.75	0.0141
3.05	0.85	0.0077
3.05	0.9	0.0171
3.05	0.95	0.0045
3.05	1	0.0047
3.05	1.05	0.0251
3.05	1.1	0.0157
3.05	1.15	0.0023
3.05	1.2	0.0798
3.05	1.25	0.2104
3.05	1.3	0.2484
3.05	1.35	0.155
3.05	1.4	0.0452
3.05	1.5	0.003
3.05	1.55	0.004
3.1	-2.65	0.0045
3.1	-2.6	0.0062
3.1	-2.55	0.0043
3.1	-1.55	0.0032
3.1	-1.5	0.0026
3.1	-1.4	0.0358
3.1	-1.35	0.1256
3.1	-1.3	0.2038
3.1	-1.25	0.1737
3.1	-1.2	0.0672
3.1	-1.15	0.0025
3.1	-1.1	0.0124
3.1	-1.05	0.0204
3.1	-1	0.0042
3.1	-0.95	0.0031
3.1	-0.9	0.0126
3.1	-0.85	0.0053
3.1	-0.75	0.0116
3.1	-0.7	0.0083
3.1	-0.6	0.0124
3.1	-0.55	0.0159
3.1	-0.45	0.0126
3.1	-0.4	0.0313
3.1	-0.35	0.0082
3.1	-0.3	0.014
3.1	-0.25	0.0737
3.1	-0.2	0.0491
3.1	-0.15	0.0171
3.1	-0.1	0.3985
3.1	-0.05	1.2033
3.1	0	1.6495
3.1	0.05	1.2071
3.1	0.1	0.4099
3.1	0.15	0.0146
3.1	0.2	0.0476
3.1	0.25	0.0727
3.1	0.3	0.0141
3.1	0.35	0.0073
3.1	0.4	0.0282
3.1	0.45	0.0112
3.1	0.55	0.0163
3.1	0.6	0.0113
3.1	0.7	0.0113
3.1	0.75	0.0133
3.1	0.85	0.0071
3.1	0.9	0.0165
3.1	0.95	0.0044
3.1	1	0.0047
3.1	1.05	0.0247
3.1	1.1	0.0151
3.1	1.15	0.0042
3.1	1.2	0.0772
3.1	1.25	0.205
3.1	1.3	0.2397
3.1	1.35	0.1496
3.1	1.4	0.0429
3.1	1.5	0.0028
3.1	1.55	0.0038
3.15	-2.65	0.003
3.15	-2.6	0.0041
3.15	-2.55	0.0029
3.15	-1.4	0.0234
3.15	-1.35	0.0832
3.15	-1.3	0.1343
3.15	-1.25	0.1157
3.15	-1.2	0.0443
3.15	-1.15	0.0023
3.15	-1.1	0.0083
3.15	-1.05	0.0138
3.15	-1	0.0027
3.15	-0.95	0.0023
3.15	-0.9	0.0086
3.15	-0.85	0.0037
3.15	-0.75	0.0073
3.15	-0.7	0.0055
3.15	-0.6	0.0081
3.15	-0.55	0.0107
3.15	-0.45	0.0081
3.15	-0.4	0.0196
3.15	-0.35	0.0054
3.15	-0.3	0.0084
3.15	-0.25	0.0478
3.15	-0.2	0.0317
3.15	-0.15	0.0109
3.15	-0.1	0.2619
3.15	-0.05	0.7906
3.15	0	1.094
3.15	0.05	0.805
3.15	0.1	0.2714
3.15	0.15	0.014
3.15	0.2	0.0316
3.15	0.25	0.0494
3.15	0.3	0.0096
3.15	0.35	0.0052
3.15	0.4	0.0194
3.15	0.45	0.0077
3.15	0.55	0.0104
3.15	0.6	0.0073
3.15	0.7	0.0072
3.15	0.75	0.009
3.15	0.85	0.0046
3.15	0.9	0.0105
3.15	0.95	0.0027
3.15	1	0.0029
3.15	1.05	0.0157
3.15	1.1	0.0098
3.15	1.2	0.0514
3.15	1.25	0.1346
3.15	1.3	0.1596
3.15	1.35	0.1
3.15	1.4	0.0288
3.15	1.55	0.0025
3.2	-1.4	0.0092
3.2	-1.35	0.0327
3.2	-1.3	0.0527
3.2	-1.25	0.0451
3.2	-1.2	0.0175
3.2	-1.1	0.0033
3.2	-1.05	0.0054
3.2	-0.9	0.0035
3.2	-0.75	0.0028
3.2	-0.6	0.0032
3.2	-0.55	0.0042
3.2	-0.45	0.0028
3.2	-0.4	0.0076
3.2	-0.3	0.0033
3.2	-0.25	0.0184
3.2	-0.2	0.012
3.2	-0.15	0.0054
3.2	-0.1	0.1025
3.2	-0.05	0.3109
3.2	0	0.4258
3.2	0.05	0.3132
3.2	0.1	0.107
3.2	0.15	0.0037
3.2	0.2	0.013
3.2	0.25	0.0194
3.2	0.3	0.0037
3.2	0.4	0.0078
3.2	0.45	0.0033
3.2	0.55	0.0039
3.2	0.6	0.0028
3.2	0.7	0.0029
3.2	0.75	0.0036
3.2	0.9	0.004
3.2	1.05	0.0062
3.2	1.1	0.0037
3.2	1.2	0.0195
3.2	1.25	0.0528
3.2	1.3	0.0625
3.2	1.35	0.0389
3.2	1.4	0.0111
3.25	-1.35	0.0039
3.25	-1.3	0.0061
3.25	-1.25	0.0049
3.25	-0.1	0.0119
3.25	-0.05	0.0369
3.25	0	0.0476
3.25	0.05	0.034
3.25	0.1	0.0126
3.25	0.25	0.0023
3.25	1.2	0.0023
3.25	1.25	0.0062
3.25	1.3	0.0071
3.25	1.35	0.0042
3.3	-1.3	0.0025
3.3	-0.1	0.0046
3.3	-0.05	0.0147
3.3	0	0.02
3.3	0.05	0.0151
3.3	0.1	0.0056
3.3	1.25	0.0025
3.3	1.3	0.0029
3.35	-1.4	0.0023
3.35	-1.35	0.0083
3.35	-1.3	0.0135
3.35	-1.25	0.0116
3.35	-1.2	0.0045
3.35	-0.25	0.0048
3.35	-0.2	0.0033
3.35	-0.1	0.0257
3.35	-0.05	0.0782
3.35	0	0.109
3.35	0.05	0.0803
3.35	0.1	0.0279
3.35	0.2	0.003
3.35	0.25	0.0048
3.35	1.2	0.005
3.35	1.25	0.0133
3.35	1.3	0.0159
3.35	1.35	0.0099
3.35	1.4	0.003
3.4	-1.4	0.0024
3.4	-1.35	0.0086
3.4	-1.3	0.0139
3.4	-1.25	0.0118
3.4	-1.2	0.0046
3.4	-0.25	0.0048
3.4	-0.2	0.0032
3.4	-0.1	0.0264
3.4	-0.05	0.0812
3.4	0	0.1114
3.4	0.05	0.0817
3.4	0.1	0.0277
3.4	0.2	0.0032
3.4	0.25	0.005
3.4	1.2	0.0052
3.4	1.25	0.0138
3.4	1.3	0.0162
3.4	1.35	0.0102
3.4	1.4	0.0029
3.45	-1.35	0.0029
3.45	-1.3	0.0047
3.45	-1.25	0.004
3.45	-0.1	0.0088
3.45	-0.05	0.0271
3.45	0	0.038
3.45	0.05	0.0275
3.45	0.1	0.0092
3.45	1.25	0.0046
3.45	1.3	0.0055
3.45	1.35	0.0034
3.55	-1.35	0.0023
3.55	-1.3	0.0038
3.55	-1.25	0.0033
3.55	-0.1	0.0071
3.55	-0.05	0.0214
3.55	0	0.03
3.55	0.05	0.0222
3.55	0.1	0.0076
3.55	1.25	0.0037
3.55	1.3	0.0044
3.55	1.35	0.0027
3.6	-1.35	0.0044
3.6	-1.3	0.0071
3.6	-1.25	0.0061
3.6	-1.2	0.0024
3.6	-0.25	0.0025
3.6	-0.1	0.0136
3.6	-0.05	0.0413
3.6	0	0.0569
3.6	0.05	0.0423
3.6	0.1	0.0142
3.6	0.25	0.0026
3.6	1.2	0.0026
3.6	1.25	0.007
3.6	1.3	0.0083
3.6	1.35	0.0052
3.65	-1.35	0.0029
3.65	-1.3	0.0047
3.65	-1.25	0.004
3.65	-0.1	0.0093
3.65	-0.05	0.0273
3.65	0	0.0374
3.65	0.05	0.0274
3.65	0.1	0.0091
3.65	1.25	0.0046
3.65	1.3	0.0054
3.65	1.35	0.0034
3.7	-0.05	0.0039
3.7	0	0.005
3.7	0.05	0.0037
3.75	-0.05	0.0033
3.75	0	0.0045
3.75	0.05	0.0035
3.8	-1.3	0.0028
3.8	-1.25	0.0024
3.8	-0.1	0.0051
3.8	-0.05	0.0161
3.8	0	0.0222
3.8	0.05	0.0164
3.8	0.1	0.0055
3.8	1.25	0.0027
3.8	1.3	0.0032
3.85	-1.3	0.0029
3.85	-1.25	0.0024
3.85	-0.1	0.0055
3.85	-0.05	0.0165
3.85	0	0.0228
3.85	0.05	0.0166
3.85	0.1	0.0056
3.85	1.25	0.0028
3.85	1.3	0.0033
3.9	-0.05	0.0049
3.9	0	0.0066
3.9	0.05	0.0046
4	-0.1	0.0026
4	-0.05	0.0083
4	0	0.0118
4	0.05	0.0089
4	0.1	0.0031
4.05	-0.1	0.0036
4.05	-0.05	0.0111
4.05	0	0.0156
4.05	0.05	0.0115
4.05	0.1	0.0039
4.05	1.3	0.0023
4.1	-0.05	0.0041
4.1	0	0.0057
4.1	0.05	0.0042
4.2	-0.05	0.0062
4.2	0	0.0089
4.2	0.05	0.0068
4.2	0.1	0.0023
4.25	-0.1	0.0036
4.25	-0.05	0.0112
4.25	0	0.0159
4.25	0.05	0.012
4.25	0.1	0.0041
4.25	1.3	0.0023
4.3	-0.05	0.0067
4.3	0	0.0093
4.3	0.05	0.007
4.3	0.1	0.0024
4.4	-0.05	0.0024
4.4	0	0.0036
4.4	0.05	0.0028
4.45	-0.1	0.0023
4.45	-0.05	0.0077
4.45	0	0.0112
4.45	0.05	0.0084
4.45	0.1	0.0028
4.5	-0.05	0.0061
4.5	0	0.0089
4.5	0.05	0.0068
4.5	0.1	0.0023
4.6	0	0.0028
4.65	-0.1	0.0038
4.65	-0.05	0.0104
4.65	0	0.0137
4.65	0.05	0.0099
4.65	0.1	0.0033
4.7	-1.3	0.0034
4.7	-1.25	0.0028
4.7	-0.1	0.0072
4.7	-0.05	0.0199
4.7	0	0.0265
4.7	0.05	0.0188
4.7	0.1	0.0061
4.7	1.25	0.0034
4.7	1.3	0.0039
4.7	1.35	0.0023
4.75	-1.35	0.0038
4.75	-1.3	0.0059
4.75	-1.25	0.0049
4.75	-0.1	0.0121
4.75	-0.05	0.0346
4.75	0	0.0463
4.75	0.05	0.0331
4.75	0.1	0.0106
4.75	0.4	0.0026
4.75	1.2	0.0023
4.75	1.25	0.0059
4.75	1.3	0.0067
4.75	1.35	0.0041
4.8	-1.35	0.0065
4.8	-1.3	0.0105
4.8	-1.25	0.0089
4.8	-1.2	0.0033
4.8	-0.25	0.0034
4.8	-0.2	0.0025
4.8	-0.1	0.0198
4.8	-0.05	0.0596
4.8	0	0.0818
4.8	0.05	0.0594
4.8	0.1	0.0198
4.8	0.2	0.0025
4.8	0.25	0.0029
4.8	0.4	0.0037
4.8	1.2	0.0037
4.8	1.25	0.01
4.8	1.3	0.0119
4.8	1.35	0.0073
4.85	-1.4	0.0024
4.85	-1.35	0.0088
4.85	-1.3	0.0144
4.85	-1.25	0.0123
4.85	-1.2	0.0046
4.85	-0.25	0.0053
4.85	-0.2	0.004
4.85	-0.1	0.0254
4.85	-0.05	0.0806
4.85	0	0.112
4.85	0.05	0.082
4.85	0.1	0.0271
4.85	0.2	0.0032
4.85	0.25	0.0042
4.85	0.4	0.0038
4.85	1.2	0.0048
4.85	1.25	0.0135
4.85	1.3	0.0162
4.85	1.35	0.0101
4.85	1.4	0.0028
4.9	-1.35	0.0079
4.9	-1.3	0.0131
4.9	-1.25	0.0113
4.9	-1.2	0.0043
4.9	-0.25	0.0049
4.9	-0.2	0.0039
4.9	-0.1	0.0225
4.9	-0.05	0.0717
4.9	0	0.1015
4.9	0.05	0.0749
4.9	0.1	0.0253
4.9	0.2	0.003
4.9	0.25	0.004
4.9	0.4	0.0029
4.9	1.2	0.0042
4.9	1.25	0.012
4.9	1.3	0.0146
4.9	1.35	0.0092
4.9	1.4	0.0027
4.95	-1.35	0.0038
4.95	-1.3	0.0063
4.95	-1.25	0.0056
4.95	-0.25	0.0025
4.95	-0.1	0.0101
4.95	-0.05	0.0342
4.95	0	0.0487
4.95	0.05	0.0361
4.95	0.1	0.012
4.95	1.25	0.0057
4.95	1.3	0.007
4.95	1.35	0.0045
5	-0.05	0.0036
5	0	0.0055
5	0.05	0.0041
5.05	-0.1	0.0023
5.05	-0.05	0.0064
5.05	0	0.0087
5.05	0.05	0.0063
5.1	-1.35	0.0028
5.1	-1.3	0.0046
5.1	-1.25	0.0039
5.1	-0.1	0.0085
5.1	-0.05	0.0255
5.1	0	0.0354
5.1	0.05	0.0259
5.1	0.1	0.0088
5.1	1.25	0.0043
5.1	1.3	0.0051
5.1	1.35	0.0032
5.15	-1.35	0.0029
5.15	-1.3	0.0047
5.15	-1.25	0.0041
5.15	-0.1	0.0082
5.15	-0.05	0.0258
5.15	0	0.0362
5.15	0.05	0.0269
5.15	0.1	0.0087
5.15	1.25	0.0043
5.15	1.3	0.0052
5.15	1.35	0.0033
5.2	-0.1	0.0025
5.2	-0.05	0.0078
5.2	0	0.0109
5.2	0.05	0.0082
5.2	0.1	0.0029
5.3	-1.3	0.0029
5.3	-1.25	0.0024
5.3	-0.1	0.0053
5.3	-0.05	0.0161
5.3	0	0.0221
5.3	0.05	0.0163
5.3	0.1	0.0056
5.3	1.25	0.0027
5.3	1.3	0.0032
5.35	-1.35	0.003
5.35	-1.3	0.0048
5.35	-1.25	0.0041
5.35	-0.1	0.0086
5.35	-0.05	0.0268
5.35	0	0.0369
5.35	0.05	0.0273
5.35	0.1	0.0092
5.35	1.25	0.0045
5.35	1.3	0.0053
5.35	1.35	0.0033
5.4	-1.3	0.0027
5.4	-1.25	0.0023
5.4	-0.1	0.0047
5.4	-0.05	0.0146
5.4	0	0.0206
5.4	0.05	0.0151
5.4	0.1	0.0051
5.4	1.25	0.0025
5.4	1.3	0.0029
5.5	-0.1	0.0034
5.5	-0.05	0.0093
5.5	0	0.0129
5.5	0.05	0.0093
5.5	0.1	0.003
5.55	-1.35	0.0031
5.55	-1.3	0.005
5.55	-1.25	0.0043
5.55	-0.1	0.0092
5.55	-0.05	0.0277
5.55	0	0.0382
5.55	0.05	0.0281
5.55	0.1	0.0093
5.55	1.25	0.0046
5.55	1.3	0.0055
5.55	1.35	0.0034
5.6	-1.35	0.0028
5.6	-1.3	0.0046
5.6	-1.25	0.0039
5.6	-0.1	0.0085
5.6	-0.05	0.0252
5.6	0	0.0347
5.6	0.05	0.0254
5.6	0.1	0.0084
5.6	1.25	0.0042
5.6	1.3	0.0049
5.6	1.35	0.0031
5.65	-0.05	0.0052
5.65	0	0.0074
5.65	0.05	0.0054
5.7	-0.05	0.003
5.7	0	0.0041
5.7	0.05	0.0031
5.75	-1.35	0.0028
5.75	-1.3	0.0045
5.75	-1.25	0.0038
5.75	-0.1	0.0082
5.75	-0.05	0.0245
5.75	0	0.0339
5.75	0.05	0.0251
5.75	0.1	0.0084
5.75	1.25	0.0041
5.75	1.3	0.0048
5.75	1.35	0.003
5.8	-1.35	0.0039
5.8	-1.3	0.0064
5.8	-1.25	0.0055
5.8	-0.1	0.0116
5.8	-0.05	0.0353
5.8	0	0.0485
5.8	0.05	0.0356
5.8	0.1	0.0119
5.8	0.25	0.0022
5.8	1.25	0.0059
5.8	1.3	0.0069
5.8	1.35	0.0043
5.85	-1.3	0.0029
5.85	-1.25	0.0025
5.85	-0.1	0.0052
5.85	-0.05	0.0156
5.85	0	0.022
5.85	0.05	0.0161
5.85	0.1	0.0051
5.85	1.25	0.0026
5.85	1.3	0.0032
5.95	-1.35	0.0023
5.95	-1.3	0.0038
5.95	-1.25	0.0033
5.95	-0.1	0.0068
5.95	-0.05	0.0207
5.95	0	0.0286
5.95	0.05	0.0211
5.95	0.1	0.0067
5.95	1.25	0.0034
5.95	1.3	0.0041
5.95	1.35	0.0026
6	-1.35	0.0056
6	-1.3	0.0091
6	-1.25	0.0077
6	-1.2	0.003
6	-0.25	0.0031
6	-0.1	0.0165
6	-0.05	0.0502
6	0	0.0686
6	0.05	0.0503
6	0.1	0.0168
6	0.25	0.0031
6	1.2	0.0031
6	1.25	0.0083
6	1.3	0.0097
6	1.35	0.0061
6.05	-1.35	0.0044
6.05	-1.3	0.007
6.05	-1.25	0.006
6.05	-1.2	0.0022
6.05	-0.25	0.0023
6.05	-0.1	0.0129
6.05	-0.05	0.0386
6.05	0	0.0532
6.05	0.05	0.0386
6.05	0.1	0.0129
6.05	0.25	0.0024
6.05	1.2	0.0024
6.05	1.25	0.0064
6.05	1.3	0.0076
6.05	1.35	0.0047
6.1	-0.05	0.0042
6.1	0	0.0057
6.1	0.05	0.0044
6.15	-1.3	0.0031
6.15	-1.25	0.0026
6.15	-0.1	0.0056
6.15	-0.05	0.0174
6.15	0	0.023
6.15	0.05	0.0168
6.15	0.1	0.0058
6.15	1.25	0.0027
6.15	1.3	0.0033
6.2	-1.4	0.0027
6.2	-1.35	0.0093
6.2	-1.3	0.015
6.2	-1.25	0.0128
6.2	-1.2	0.0049
6.2	-0.25	0.0051
6.2	-0.2	0.0034
6.2	-0.1	0.0272
6.2	-0.05	0.0828
6.2	0	0.1132
6.2	0.05	0.0832
6.2	0.1	0.0277
6.2	0.2	0.0035
6.2	0.25	0.0052
6.2	1.2	0.0051
6.2	1.25	0.0137
6.2	1.3	0.016
6.2	1.35	0.01
6.2	1.4	0.0029
6.25	-1.4	0.0035
6.25	-1.35	0.0123
6.25	-1.3	0.0197
6.25	-1.25	0.0169
6.25	-1.2	0.0064
6.25	-0.4	0.0028
6.25	-0.25	0.0064
6.25	-0.2	0.0044
6.25	-0.1	0.0364
6.25	-0.05	0.108
6.25	0	0.1491
6.25	0.05	0.1087
6.25	0.1	0.0363
6.25	0.2	0.0046
6.25	0.25	0.0068
6.25	0.4	0.0029
6.25	1.2	0.0068
6.25	1.25	0.0177
6.25	1.3	0.0212
6.25	1.35	0.0131
6.25	1.4	0.0038
6.3	-1.35	0.0046
6.3	-1.3	0.0073
6.3	-1.25	0.0062
6.3	-1.2	0.0023
6.3	-0.25	0.0024
6.3	-0.1	0.0135
6.3	-0.05	0.0404
6.3	0	0.0548
6.3	0.05	0.04
6.3	0.1	0.0129
6.3	0.25	0.0025
6.3	1.2	0.0025
6.3	1.25	0.0066
6.3	1.3	0.0078
6.3	1.35	0.0048
6.35	-0.1	0.0031
6.35	-0.05	0.0106
6.35	0	0.0137
6.35	0.05	0.011
6.35	0.1	0.0039
6.4	-1.4	0.0076
6.4	-1.35	0.0276
6.4	-1.3	0.0439
6.4	-1.25	0.0374
6.4	-1.2	0.0146
6.4	-1.1	0.0029
6.4	-1.05	0.0046
6.4	-0.9	0.0028
6.4	-0.75	0.0024
6.4	-0.6	0.0024
6.4	-0.55	0.0032
6.4	-0.45	0.0024
6.4	-0.4	0.0061
6.4	-0.3	0.0025
6.4	-0.25	0.0151
6.4	-0.2	0.0096
6.4	-0.15	0.0044
6.4	-0.1	0.0788
6.4	-0.05	0.2421
6.4	0	0.3315
6.4	0.05	0.2466
6.4	0.1	0.0809
6.4	0.15	0.0039
6.4	0.2	0.0097
6.4	0.25	0.0155
6.4	0.3	0.0027
6.4	0.4	0.0058
6.4	0.45	0.0024
6.4	0.55	0.0032
6.4	0.6	0.0023
6.4	0.75	0.0026
6.4	0.9	0.0031
6.4	1.05	0.0047
6.4	1.1	0.0029
6.4	1.2	0.015
6.4	1.25	0.04
6.4	1.3	0.0471
6.4	1.35	0.0294
6.4	1.4	0.0084
6.45	-2.65	0.0035
6.45	-2.6	0.0048
6.45	-2.55	0.0034
6.45	-1.55	0.0023
6.45	-1.4	0.0257
6.45	-1.35	0.0883
6.45	-1.3	0.1423
6.45	-1.25	0.121
6.45	-1.2	0.0454
6.45	-1.1	0.009
6.45	-1.05	0.0144
6.45	-1	0.0029
6.45	-0.95	0.0023
6.45	-0.9	0.0094
6.45	-0.85	0.0038
6.45	-0.75	0.0081
6.45	-0.7	0.0063
6.45	-0.6	0.0076
6.45	-0.55	0.0106
6.45	-0.45	0.008
6.45	-0.4	0.0197
6.45	-0.35	0.0052
6.45	-0.3	0.0086
6.45	-0.25	0.0467
6.45	-0.2	0.0319
6.45	-0.15	0.0103
6.45	-0.1	0.2629
6.45	-0.05	0.7785
6.45	0	1.0702
6.45	0.05	0.7787
6.45	0.1	0.2584
6.45	0.15	0.0107
6.45	0.2	0.0323
6.45	0.25	0.0482
6.45	0.3	0.0092
6.45	0.35	0.0049
6.45	0.4	0.0195
6.45	0.45	0.0078
6.45	0.55	0.0109
6.45	0.6	0.0077
6.45	0.7	0.0066
6.45	0.75	0.0084
6.45	0.85	0.0043
6.45	0.9	0.0101
6.45	0.95	0.0027
6.45	1	0.0028
6.45	1.05	0.0148
6.45	1.1	0.0093
6.45	1.2	0.0484
6.45	1.25	0.1283
6.45	1.3	0.1508
6.45	1.35	0.0926
6.45	1.4	0.0268
6.45	1.55	0.0025
6.5	-2.65	0.0061
6.5	-2.6	0.0082
6.5	-2.55	0.0057
6.5	-1.55	0.0039
6.5	-1.5	0.003
6.5	-1.4	0.0431
6.5	-1.35	0.1516
6.5	-1.3	0.2431
6.5	-1.25	0.2063
6.5	-1.2	0.0779
6.5	-1.15	0.0037
6.5	-1.1	0.0155
6.5	-1.05	0.0247
6.5	-1	0.0044
6.5	-0.95	0.0043
6.5	-0.9	0.0159
6.5	-0.85	0.0068
6.5	-0.75	0.0141
6.5	-0.7	0.0109
6.5	-0.6	0.0133
6.5	-0.55	0.018
6.5	-0.45	0.0135
6.5	-0.4	0.0336
6.5	-0.35	0.0099
6.5	-0.3	0.014
6.5	-0.25	0.081
6.5	-0.2	0.0535
6.5	-0.15	0.0218
6.5	-0.1	0.4378
6.5	-0.05	1.3317
6.5	0	1.8171
6.5	0.05	1.3355
6.5	0.1	0.4404
6.5	0.15	0.0235
6.5	0.2	0.0541
6.5	0.25	0.0833
6.5	0.3	0.0151
6.5	0.35	0.0093
6.5	0.4	0.0334
6.5	0.45	0.0132
6.5	0.55	0.0185
6.5	0.6	0.0137
6.5	0.7	0.0112
6.5	0.75	0.0144
6.5	0.85	0.0073
6.5	0.9	0.017
6.5	0.95	0.0048
6.5	1	0.0044
6.5	1.05	0.0253
6.5	1.1	0.0156
6.5	1.15	0.0035
6.5	1.2	0.0828
6.5	1.25	0.2176
6.5	1.3	0.2565
6.5	1.35	0.1607
6.5	1.4	0.0454
6.5	1.45	0.0023
6.5	1.5	0.0033
6.5	1.55	0.0043
6.55	-2.7	0.0024
6.55	-2.65	0.007
6.55	-2.6	0.0094
6.55	-2.55	0.0066
6.55	-1.55	0.0044
6.55	-1.5	0.0035
6.55	-1.4	0.05
6.55	-1.35	0.1734
6.55	-1.3	0.2801
6.55	-1.25	0.2376
6.55	-1.2	0.0902
6.55	-1.15	0.0037
6.55	-1.1	0.0177
6.55	-1.05	0.028
6.55	-1	0.0055
6.55	-0.95	0.0049
6.55	-0.9	0.0188
6.55	-0.85	0.0077
6.55	-0.75	0.0165
6.55	-0.7	0.0126
6.55	-0.6	0.0153
6.55	-0.55	0.0213
6.55	-0.45	0.0157
6.55	-0.4	0.0394
6.55	-0.35	0.0106
6.55	-0.3	0.017
6.55	-0.25	0.0915
6.55	-0.2	0.0622
6.55	-0.15	0.0219
6.55	-0.1	0.5135
6.55	-0.05	1.5249
6.55	0	2.101
6.55	0.05	1.5249
6.55	0.1	0.5095
6.55	0.15	0.0188
6.55	0.2	0.0636
6.55	0.25	0.0934
6.55	0.3	0.0174
6.55	0.35	0.0104
6.55	0.4	0.0389
6.55	0.45	0.0153
6.55	0.55	0.0221
6.55	0.6	0.0157
6.55	0.7	0.0131
6.55	0.75	0.0168
6.55	0.85	0.0083
6.55	0.9	0.0202
6.55	0.95	0.0053
6.55	1	0.0056
6.55	1.05	0.0292
6.55	1.1	0.0182
6.55	1.15	0.0045
6.55	1.2	0.0958
6.55	1.25	0.2512
6.55	1.3	0.2955
6.55	1.35	0.1838
6.55	1.4	0.0522
6.55	1.5	0.0037
6.55	1.55	0.0048
6.6	-2.65	0.0057
6.6	-2.6	0.0076
6.6	-2.55	0.0054
6.6	-1.55	0.0037
6.6	-1.5	0.0027
6.6	-1.4	0.0396
6.6	-1.35	0.1409
6.6	-1.3	0.2257
6.6	-1.25	0.1922
6.6	-1.2	0.0721
6.6	-1.15	0.0031
6.6	-1.1	0.0139
6.6	-1.05	0.0226
6.6	-1	0.0039
6.6	-0.95	0.0043
6.6	-0.9	0.015
6.6	-0.85	0.0062
6.6	-0.75	0.0132
6.6	-0.7	0.0103
6.6	-0.6	0.0124
6.6	-0.55	0.0168
6.6	-0.45	0.0127
6.6	-0.4	0.0317
6.6	-0.35	0.0091
6.6	-0.3	0.0126
6.6	-0.25	0.0751
6.6	-0.2	0.0491
6.6	-0.15	0.0188
6.6	-0.1	0.4082
6.6	-0.05	1.2402
6.6	0	1.6877
6.6	0.05	1.2374
6.6	0.1	0.4076
6.6	0.15	0.019
6.6	0.2	0.0503
6.6	0.25	0.0763
6.6	0.3	0.0132
6.6	0.35	0.0088
6.6	0.4	0.0316
6.6	0.45	0.0121
6.6	0.55	0.0176
6.6	0.6	0.0129
6.6	0.7	0.0106
6.6	0.75	0.0135
6.6	0.85	0.0068
6.6	0.9	0.016
6.6	0.95	0.0044
6.6	1	0.0041
6.6	1.05	0.0235
6.6	1.1	0.0146
6.6	1.15	0.003
6.6	1.2	0.0777
6.6	1.25	0.2021
6.6	1.3	0.2384
6.6	1.35	0.1487
6.6	1.4	0.0425
6.6	1.5	0.003
6.6	1.55	0.0039
6.65	-2.65	0.0032
6.65	-2.6	0.0042
6.65	-2.55	0.003
6.65	-1.4	0.0231
6.65	-1.35	0.0787
6.65	-1.3	0.1258
6.65	-1.25	0.1065
6.65	-1.2	0.0414
6.65	-1.1	0.0077
6.65	-1.05	0.0123
6.65	-1	0.0024
6.65	-0.95	0.0023
6.65	-0.9	0.0084
6.65	-0.85	0.0033
6.65	-0.75	0.0075
6.65	-0.7	0.0056
6.65	-0.6	0.007
6.65	-0.55	0.0095
6.65	-0.45	0.0072
6.65	-0.4	0.0177
6.65	-0.35	0.0048
6.65	-0.3	0.0073
6.65	-0.25	0.0411
6.65	-0.2	0.0278
6.65	-0.15	0.0105
6.65	-0.1	0.2343
6.65	-0.05	0.6867
6.65	0	0.9395
6.65	0.05	0.6785
6.65	0.1	0.2256
6.65	0.15	0.0084
6.65	0.2	0.0277
6.65	0.25	0.0411
6.65	0.3	0.0074
6.65	0.35	0.0049
6.65	0.4	0.0174
6.65	0.45	0.0067
6.65	0.55	0.0099
6.65	0.6	0.007
6.65	0.7	0.0059
6.65	0.75	0.0075
6.65	0.85	0.0038
6.65	0.9	0.0091
6.65	0.95	0.0024
6.65	1	0.0023
6.65	1.05	0.0131
6.65	1.1	0.0082
6.65	1.2	0.0417
6.65	1.25	0.1127
6.65	1.3	0.1321
6.65	1.35	0.0816
6.65	1.4	0.0232
6.7	-1.4	0.007
6.7	-1.35	0.0247
6.7	-1.3	0.0398
6.7	-1.25	0.0348
6.7	-1.2	0.0128
6.7	-1.1	0.0024
6.7	-1.05	0.0039
6.7	-0.9	0.0027
6.7	-0.75	0.0023
6.7	-0.6	0.0023
6.7	-0.55	0.003
6.7	-0.45	0.0022
6.7	-0.4	0.0056
6.7	-0.3	0.0023
6.7	-0.25	0.0131
6.7	-0.2	0.0089
6.7	-0.15	0.0025
6.7	-0.1	0.0731
6.7	-0.05	0.2188
6.7	0	0.2968
6.7	0.05	0.2182
6.7	0.1	0.0718
6.7	0.15	0.0037
6.7	0.2	0.0085
6.7	0.25	0.013
6.7	0.3	0.0024
6.7	0.4	0.0057
6.7	0.55	0.0031
6.7	0.6	0.0023
6.7	0.75	0.0024
6.7	0.9	0.0028
6.7	1.05	0.0041
6.7	1.1	0.0026
6.7	1.2	0.0134
6.7	1.25	0.0357
6.7	1.3	0.0422
6.7	1.35	0.0262
6.7	1.4	0.0079
6.75	-1.3	0.0033
6.75	-1.25	0.0028
6.75	-0.1	0.0056
6.75	-0.05	0.0176
6.75	0	0.0245
6.75	0.05	0.0173
6.75	0.1	0.0056
6.75	1.25	0.0028
6.75	1.3	0.0034
6.75	1.35	0.0025
6.8	-0.1	0.0037
6.8	-0.05	0.0106
6.8	0	0.0145
6.8	0.05	0.0103
6.8	0.1	0.0033
6.85	-1.35	0.0045
6.85	-1.3	0.0072
6.85	-1.25	0.006
6.85	-1.2	0.0023
6.85	-0.25	0.0024
6.85	-0.1	0.0136
6.85	-0.05	0.0397
6.85	0	0.0536
6.85	0.05	0.0384
6.85	0.1	0.0127
6.85	0.25	0.0022
6.85	1.2	0.0025
6.85	1.25	0.0066
6.85	1.3	0.0075
6.85	1.35	0.0046
6.9	-1.35	0.0035
6.9	-1.3	0.0056
6.9	-1.25	0.0047
6.9	-0.1	0.0105
6.9	-0.05	0.0313
6.9	0	0.0419
6.9	0.05	0.0303
6.9	0.1	0.0098
6.9	1.25	0.0051
6.9	1.3	0.0059
6.9	1.35	0.0037
6.95	-0.1	0.0024
6.95	-0.05	0.007
6.95	0	0.0093
6.95	0.05	0.0066
-6.75	-0.05	0.0028
-6.75	0	0.0038
-6.75	0.05	0.0027
-6.7	-0.05	0.0038
-6.7	0	0.0051
-6.7	0.05	0.0037
-6.65	-0.05	0.0031
-6.65	0	0.0043
-6.65	0.05	0.0031
-6.45	-0.05	0.0022
-6.45	0	0.003
-6.4	0	0.0027
-6	-0.05	0.0046
-6	0	0.006
-6	0.05	0.0043
-5.95	-0.05	0.0045
-5.95	0	0.0059
-5.95	0.05	0.0042
-5.85	-0.05	0.0061
-5.85	0	0.0086
-5.85	0.05	0.0063
-5.8	-1.35	0.0053
-5.8	-1.3	0.0086
-5.8	-1.25	0.0073
-5.8	-1.2	0.0027
-5.8	-0.25	0.0028
-5.8	-0.1	0.0149
-5.8	-0.05	0.0449
-5.8	0	0.0616
-5.8	0.05	0.0452
-5.8	0.1	0.0146
-5.8	0.25	0.0024
-5.8	1.2	0.0026
-5.8	1.25	0.0071
-5.8	1.3	0.0084
-5.8	1.35	0.0052
-5.75	-1.4	0.0041
-5.75	-1.35	0.0144
-5.75	-1.3	0.0232
-5.75	-1.25	0.0196
-5.75	-1.2	0.0075
-5.75	-0.4	0.0035
-5.75	-0.25	0.0078
-5.75	-0.2	0.0054
-5.75	-0.1	0.0402
-5.75	-0.05	0.1217
-5.75	0	0.1667
-5.75	0.05	0.1217
-5.75	0.1	0.0403
-5.75	0.2	0.0046
-5.75	0.25	0.0065
-5.75	0.4	0.0031
-5.75	1.05	0.0024
-5.75	1.2	0.0072
-5.75	1.25	0.0191
-5.75	1.3	0.0225
-5.75	1.35	0.0141
-5.75	1.4	0.0039
-5.7	-1.4	0.0068
-5.7	-1.35	0.024
-5.7	-1.3	0.0383
-5.7	-1.25	0.0329
-5.7	-1.2	0.0126
-5.7	-1.05	0.0035
-5.7	-0.9	0.0025
-5.7	-0.75	0.0022
-5.7	-0.6	0.0024
-5.7	-0.55	0.0031
-5.7	-0.45	0.0023
-5.7	-0.4	0.0055
-5.7	-0.3	0.0023
-5.7	-0.25	0.0128
-5.7	-0.2	0.0088
-5.7	-0.1	0.0672
-5.7	-0.05	0.2015
-5.7	0	0.2773
-5.7	0.05	0.2031
-5.7	0.1	0.0679
-5.7	0.15	0.0037
-5.7	0.2	0.0073
-5.7	0.25	0.0111
-5.7	0.4	0.005
-5.7	0.55	0.0029
-5.7	0.75	0.0024
-5.7	0.9	0.0027
-5.7	1.05	0.0039
-5.7	1.1	0.0025
-5.7	1.2	0.0121
-5.7	1.25	0.0318
-5.7	1.3	0.0376
-5.7	1.35	0.0234
-5.7	1.4	0.0067
-5.65	-1.4	0.0078
-5.65	-1.35	0.0274
-5.65	-1.3	0.0441
-5.65	-1.25	0.0375
-5.65	-1.2	0.0144
-5.65	-1.1	0.0025
-5.65	-1.05	0.004
-5.65	-0.9	0.0028
-5.65	-0.75	0.0025
-5.65	-0.6	0.0027
-5.65	-0.55	0.0033
-5.65	-0.45	0.0025
-5.65	-0.4	0.0062
-5.65	-0.3	0.0027
-5.65	-0.25	0.0149
-5.65	-0.2	0.0098
-5.65	-0.15	0.0036
-5.65	-0.1	0.0769
-5.65	-0.05	0.2318
-5.65	0	0.3163
-5.65	0.05	0.2319
-5.65	0.1	0.0778
-5.65	0.15	0.0033
-5.65	0.2	0.0084
-5.65	0.25	0.0129
-5.65	0.4	0.0056
-5.65	0.55	0.0031
-5.65	0.75	0.0026
-5.65	0.9	0.003
-5.65	1.05	0.0045
-5.65	1.1	0.0028
-5.65	1.2	0.0137
-5.65	1.25	0.0363
-5.65	1.3	0.0426
-5.65	1.35	0.0267
-5.65	1.4	0.0075
-5.6	-1.4	0.0061
-5.6	-1.35	0.0215
-5.6	-1.3	0.0344
-5.6	-1.25	0.0295
-5.6	-1.2	0.0113
-5.6	-1.05	0.0032
-5.6	-0.9	0.0023
-5.6	-0.55	0.0026
-5.6	-0.4	0.0047
-5.6	-0.25	0.0113
-5.6	-0.2	0.0076
-5.6	-0.1	0.0611
-5.6	-0.05	0.1796
-5.6	0	0.2484
-5.6	0.05	0.1813
-5.6	0.1	0.0609
-5.6	0.15	0.0032
-5.6	0.2	0.0067
-5.6	0.25	0.0102
-5.6	0.4	0.0045
-5.6	0.55	0.0024
-5.6	0.9	0.0023
-5.6	1.05	0.0034
-5.6	1.2	0.0106
-5.6	1.25	0.0282
-5.6	1.3	0.0336
-5.6	1.35	0.0207
-5.6	1.4	0.0061
-5.55	-1.4	0.0028
-5.55	-1.35	0.0103
-5.55	-1.3	0.0165
-5.55	-1.25	0.0142
-5.55	-1.2	0.0055
-5.55	-0.4	0.0022
-5.55	-0.25	0.0055
-5.55	-0.2	0.0036
-5.55	-0.1	0.0284
-5.55	-0.05	0.0871
-5.55	0	0.1183
-5.55	0.05	0.0863
-5.55	0.1	0.0291
-5.55	0.2	0.0033
-5.55	0.25	0.0049
-5.55	0.4	0.0022
-5.55	1.2	0.0051
-5.55	1.25	0.0136
-5.55	1.3	0.016
-5.55	1.35	0.0099
-5.55	1.4	0.0028
-5.5	-1.3	0.003
-5.5	-1.25	0.0025
-5.5	-0.1	0.005
-5.5	-0.05	0.0156
-5.5	0	0.0216
-5.5	0.05	0.0154
-5.5	0.1	0.0057
-5.5	1.25	0.0024
-5.5	1.3	0.0029
-5.45	0	0.0024
-5.4	-1.35	0.0024
-5.4	-1.3	0.0039
-5.4	-1.25	0.0033
-5.4	-0.1	0.0068
-5.4	-0.05	0.0202
-5.4	0	0.028
-5.4	0.05	0.0204
-5.4	0.1	0.007
-5.4	1.25	0.0032
-5.4	1.3	0.0038
-5.4	1.35	0.0024
-5.35	-1.35	0.0033
-5.35	-1.3	0.0053
-5.35	-1.25	0.0045
-5.35	-0.1	0.0092
-5.35	-0.05	0.0277
-5.35	0	0.0378
-5.35	0.05	0.0279
-5.35	0.1	0.0093
-5.35	1.25	0.0043
-5.35	1.3	0.0051
-5.35	1.35	0.0032
-5.3	-1.3	0.0025
-5.3	-0.1	0.0045
-5.3	-0.05	0.0131
-5.3	0	0.018
-5.3	0.05	0.0131
-5.3	0.1	0.0044
-5.3	1.3	0.0024
-5.2	-0.05	0.0062
-5.2	0	0.0084
-5.2	0.05	0.0063
-5.2	0.1	0.0023
-5.15	-1.3	0.0032
-5.15	-1.25	0.0028
-5.15	-0.1	0.0056
-5.15	-0.05	0.017
-5.15	0	0.0232
-5.15	0.05	0.017
-5.15	0.1	0.0057
-5.15	1.25	0.0026
-5.15	1.3	0.0031
-5.1	-1.3	0.0028
-5.1	-1.25	0.0024
-5.1	-0.1	0.005
-5.1	-0.05	0.0146
-5.1	0	0.0201
-5.1	0.05	0.0146
-5.1	0.1	0.0049
-5.1	1.25	0.0023
-5.1	1.3	0.0027
-5.05	-0.05	0.0035
-5.05	0	0.0048
-5.05	0.05	0.0034
-4.95	-0.1	0.0024
-4.95	-0.05	0.0075
-4.95	0	0.0105
-4.95	0.05	0.0078
-4.95	0.1	0.0026
-4.9	-0.1	0.0035
-4.9	-0.05	0.0107
-4.9	0	0.0149
-4.9	0.05	0.0109
-4.9	0.1	0.0037
-4.85	-0.05	0.0048
-4.85	0	0.0066
-4.85	0.05	0.0048
-4.75	-0.05	0.0043
-4.75	0	0.006
-4.75	0.05	0.0046
-4.7	-0.1	0.0027
-4.7	-0.05	0.0084
-4.7	0	0.0116
-4.7	0.05	0.0086
-4.7	0.1	0.003
-4.65	-0.05	0.0047
-4.65	0	0.0065
-4.65	0.05	0.0048
-4.55	-0.05	0.0041
-4.55	0	0.0057
-4.55	0.05	0.0043
-4.5	-0.1	0.0034
-4.5	-0.05	0.0106
-4.5	0	0.015
-4.5	0.05	0.0112
-4.5	0.1	0.0038
-4.45	-0.1	0.0028
-4.45	-0.05	0.0088
-4.45	0	0.0123
-4.45	0.05	0.0091
-4.45	0.1	0.0031
-4.35	0	0.0025
-4.3	-0.1	0.0031
-4.3	-0.05	0.0101
-4.3	0	0.0144
-4.3	0.05	0.011
-4.3	0.1	0.0037
-4.25	-1.3	0.0024
-4.25	-0.1	0.0037
-4.25	-0.05	0.0121
-4.25	0	0.0175
-4.25	0.05	0.0132
-4.25	0.1	0.0044
-4.25	1.3	0.0023
-4.2	-0.05	0.0038
-4.2	0	0.0057
-4.2	0.05	0.0044
-4.1	-1.35	0.0024
-4.1	-1.3	0.0037
-4.1	-1.25	0.0031
-4.1	-0.1	0.007
-4.1	-0.05	0.0203
-4.1	0	0.0265
-4.1	0.05	0.019
-4.1	0.1	0.0064
-4.1	1.25	0.0031
-4.1	1.3	0.0035
-4.05	-1.35	0.0061
-4.05	-1.3	0.0096
-4.05	-1.25	0.0081
-4.05	-1.2	0.003
-4.05	-0.25	0.0029
-4.05	-0.1	0.0182
-4.05	-0.05	0.0519
-4.05	0	0.0701
-4.05	0.05	0.0499
-4.05	0.1	0.0166
-4.05	0.2	0.0025
-4.05	0.25	0.0038
-4.05	0.4	0.0023
-4.05	1.2	0.0032
-4.05	1.25	0.0081
-4.05	1.3	0.0094
-4.05	1.35	0.0057
-4	-1.4	0.0029
-4	-1.35	0.0097
-4	-1.3	0.0151
-4	-1.25	0.0126
-4	-1.2	0.0045
-4	-0.25	0.0042
-4	-0.2	0.0025
-4	-0.1	0.0285
-4	-0.05	0.0822
-4	0	0.1096
-4	0.05	0.0787
-4	0.1	0.0245
-4	0.2	0.0043
-4	0.25	0.0059
-4	0.4	0.0042
-4	1.2	0.0051
-4	1.25	0.0129
-4	1.3	0.0148
-4	1.35	0.009
-4	1.4	0.0024
-3.95	-1.4	0.0036
-3.95	-1.35	0.0123
-3.95	-1.3	0.0196
-3.95	-1.25	0.0163
-3.95	-1.2	0.0058
-3.95	-0.9	0.0028
-3.95	-0.25	0.0054
-3.95	-0.2	0.0035
-3.95	-0.1	0.036
-3.95	-0.05	0.1043
-3.95	0	0.1417
-3.95	0.05	0.1006
-3.95	0.1	0.032
-3.95	0.2	0.0054
-3.95	0.25	0.0068
-3.95	0.35	0.0026
-3.95	0.4	0.0055
-3.95	0.45	0.0026
-3.95	1.2	0.0064
-3.95	1.25	0.0163
-3.95	1.3	0.019
-3.95	1.35	0.0115
-3.95	1.4	0.0031
-3.9	-1.4	0.0039
-3.9	-1.35	0.0137
-3.9	-1.3	0.0219
-3.9	-1.25	0.0184
-3.9	-1.2	0.0067
-3.9	-1.05	0.0022
-3.9	-0.9	0.0028
-3.9	-0.4	0.0024
-3.9	-0.25	0.0067
-3.9	-0.2	0.0047
-3.9	-0.1	0.0377
-3.9	-0.05	0.1148
-3.9	0	0.1561
-3.9	0.05	0.1132
-3.9	0.1	0.0358
-3.9	0.2	0.0055
-3.9	0.25	0.0072
-3.9	0.35	0.0025
-3.9	0.4	0.0056
-3.9	0.45	0.0024
-3.9	1.2	0.0067
-3.9	1.25	0.0177
-3.9	1.3	0.0208
-3.9	1.35	0.0128
-3.9	1.4	0.0035
-3.85	-1.4	0.0033
-3.85	-1.35	0.0118
-3.85	-1.3	0.0195
-3.85	-1.25	0.0166
-3.85	-1.2	0.0062
-3.85	-0.4	0.0025
-3.85	-0.25	0.0063
-3.85	-0.2	0.0049
-3.85	-0.1	0.0316
-3.85	-0.05	0.0982
-3.85	0	0.1381
-3.85	0.05	0.1004
-3.85	0.1	0.0329
-3.85	0.2	0.0047
-3.85	0.25	0.0061
-3.85	0.4	0.0042
-3.85	1.2	0.0055
-3.85	1.25	0.0151
-3.85	1.3	0.0181
-3.85	1.35	0.0113
-3.85	1.4	0.0032
-3.8	-1.35	0.0066
-3.8	-1.3	0.0108
-3.8	-1.25	0.0094
-3.8	-1.2	0.0035
-3.8	-0.25	0.0039
-3.8	-0.2	0.0031
-3.8	-0.1	0.0162
-3.8	-0.05	0.0532
-3.8	0	0.0759
-3.8	0.05	0.0566
-3.8	0.1	0.0183
-3.8	0.2	0.0025
-3.8	0.25	0.0037
-3.8	1.2	0.0028
-3.8	1.25	0.0081
-3.8	1.3	0.0099
-3.8	1.35	0.0063
-3.75	-0.1	0.003
-3.75	-0.05	0.0102
-3.75	0	0.0148
-3.75	0.05	0.0115
-3.75	0.1	0.0043
-3.7	-0.05	0.0046
-3.7	0	0.0058
-3.7	0.05	0.0043
-3.65	-1.35	0.0037
-3.65	-1.3	0.0059
-3.65	-1.25	0.005
-3.65	-0.1	0.01
-3.65	-0.05	0.0301
-3.65	0	0.0408
-3.65	0.05	0.0296
-3.65	0.1	0.01
-3.65	1.25	0.0045
-3.65	1.3	0.0052
-3.65	1.35	0.0032
-3.6	-1.35	0.0049
-3.6	-1.3	0.0079
-3.6	-1.25	0.0067
-3.6	-1.2	0.0025
-3.6	-0.25	0.0026
-3.6	-0.1	0.0126
-3.6	-0.05	0.0396
-3.6	0	0.0545
-3.6	0.05	0.04
-3.6	0.1	0.0131
-3.6	0.25	0.0025
-3.6	1.25	0.0059
-3.6	1.3	0.007
-3.6	1.35	0.0043
-3.55	-1.3	0.0035
-3.55	-1.25	0.003
-3.55	-0.1	0.005
-3.55	-0.05	0.0166
-3.55	0	0.0237
-3.55	0.05	0.0172
-3.55	0.1	0.0057
-3.55	1.25	0.0025
-3.55	1.3	0.003
-3.45	-1.35	0.0027
-3.45	-1.3	0.0043
-3.45	-1.25	0.0036
-3.45	-0.1	0.0075
-3.45	-0.05	0.0215
-3.45	0	0.0293
-3.45	0.05	0.0211
-3.45	0.1	0.007
-3.45	1.25	0.0032
-3.45	1.3	0.0037
-3.45	1.35	0.0023
-3.4	-1.35	0.0059
-3.4	-1.3	0.0096
-3.4	-1.25	0.0082
-3.4	-1.2	0.0032
-3.4	-0.25	0.0029
-3.4	-0.1	0.0157
-3.4	-0.05	0.0474
-3.4	0	0.0653
-3.4	0.05	0.0482
-3.4	0.1	0.016
-3.4	0.25	0.0028
-3.4	1.2	0.0026
-3.4	1.25	0.0069
-3.4	1.3	0.0082
-3.4	1.35	0.0051
-3.35	-1.35	0.0042
-3.35	-1.3	0.0069
-3.35	-1.25	0.0059
-3.35	-1.2	0.0022
-3.35	-0.1	0.0111
-3.35	-0.05	0.0338
-3.35	0	0.0472
-3.35	0.05	0.0344
-3.35	0.1	0.0114
-3.35	0.25	0.0022
-3.35	1.25	0.005
-3.35	1.3	0.0059
-3.35	1.35	0.0037
-3.3	-0.05	0.0032
-3.3	0	0.0045
-3.3	0.05	0.0036
-3.25	-1.3	0.0029
-3.25	-1.25	0.0025
-3.25	-0.1	0.0053
-3.25	-0.05	0.014
-3.25	0	0.0189
-3.25	0.05	0.0143
-3.25	0.1	0.0047
-3.25	1.3	0.0024
-3.2	-1.4	0.0022
-3.2	-1.35	0.0078
-3.2	-1.3	0.0123
-3.2	-1.25	0.0105
-3.2	-1.2	0.004
-3.2	-0.25	0.0038
-3.2	-0.2	0.0025
-3.2	-0.1	0.0207
-3.2	-0.05	0.0608
-3.2	0	0.0824
-3.2	0.05	0.0605
-3.2	0.1	0.0204
-3.2	0.25	0.0032
-3.2	1.2	0.0034
-3.2	1.25	0.0088
-3.2	1.3	0.0103
-3.2	1.35	0.0064
-3.15	-1.4	0.0025
-3.15	-1.35	0.0088
-3.15	-1.3	0.0143
-3.15	-1.25	0.0122
-3.15	-1.2	0.0047
-3.15	-0.25	0.0044
-3.15	-0.2	0.003
-3.15	-0.1	0.023
-3.15	-0.05	0.07
-3.15	0	0.0954
-3.15	0.05	0.0701
-3.15	0.1	0.0235
-3.15	0.2	0.0027
-3.15	0.25	0.004
-3.15	1.2	0.0038
-3.15	1.25	0.0101
-3.15	1.3	0.0118
-3.15	1.35	0.0074
-3.1	-1.35	0.0031
-3.1	-1.3	0.0049
-3.1	-1.25	0.0041
-3.1	-0.1	0.0074
-3.1	-0.05	0.0238
-3.1	0	0.0326
-3.1	0.05	0.0241
-3.1	0.1	0.0082
-3.1	1.25	0.0033
-3.1	1.3	0.004
-3.1	1.35	0.0025
-3.05	-0.05	0.0028
-3.05	0	0.0034
-3.05	0.05	0.0022
-3	-1.35	0.0073
-3	-1.3	0.0117
-3	-1.25	0.01
-3	-1.2	0.0039
-3	-0.25	0.0036
-3	-0.2	0.0023
-3	-0.1	0.0188
-3	-0.05	0.056
-3	0	0.0774
-3	0.05	0.0563
-3	0.1	0.0198
-3	0.25	0.0031
-3	1.2	0.0032
-3	1.25	0.008
-3	1.3	0.0095
-3	1.35	0.0058
-2.95	-1.4	0.004
-2.95	-1.35	0.014
-2.95	-1.3	0.0227
-2.95	-1.25	0.0192
-2.95	-1.2	0.0074
-2.95	-0.4	0.0028
-2.95	-0.25	0.0068
-2.95	-0.2	0.0045
-2.95	-0.1	0.0358
-2.95	-0.05	0.1087
-2.95	0	0.1487
-2.95	0.05	0.1082
-2.95	0.1	0.036
-2.95	0.2	0.0042
-2.95	0.25	0.0063
-2.95	0.4	0.0027
-2.95	1.2	0.0058
-2.95	1.25	0.0154
-2.95	1.3	0.0181
-2.95	1.35	0.0112
-2.95	1.4	0.0032
-2.9	-1.4	0.0024
-2.9	-1.35	0.0087
-2.9	-1.3	0.0142
-2.9	-1.25	0.0122
-2.9	-1.2	0.0045
-2.9	-0.25	0.0042
-2.9	-0.2	0.003
-2.9	-0.1	0.0214
-2.9	-0.05	0.0675
-2.9	0	0.0941
-2.9	0.05	0.0681
-2.9	0.1	0.0225
-2.9	0.2	0.0029
-2.9	0.25	0.0042
-2.9	1.2	0.0035
-2.9	1.25	0.0096
-2.9	1.3	0.0114
-2.9	1.35	0.007
-2.85	-0.05	0.0024
-2.85	0	0.0039
-2.85	0.05	0.0038
-2.8	-1.35	0.0065
-2.8	-1.3	0.0101
-2.8	-1.25	0.0086
-2.8	-1.2	0.0033
-2.8	-0.25	0.003
-2.8	-0.1	0.0165
-2.8	-0.05	0.0492
-2.8	0	0.0659
-2.8	0.05	0.0474
-2.8	0.1	0.0158
-2.8	0.25	0.0026
-2.8	1.2	0.0027
-2.8	1.25	0.0069
-2.8	1.3	0.008
-2.8	1.35	0.0048
-2.75	-1.4	0.0064
-2.75	-1.35	0.0224
-2.75	-1.3	0.0358
-2.75	-1.25	0.0303
-2.75	-1.2	0.0115
-2.75	-1.05	0.0034
-2.75	-0.55	0.0025
-2.75	-0.4	0.0045
-2.75	-0.25	0.0108
-2.75	-0.2	0.0072
-2.75	-0.15	0.0028
-2.75	-0.1	0.0563
-2.75	-0.05	0.1691
-2.75	0	0.2291
-2.75	0.05	0.1679
-2.75	0.1	0.0552
-2.75	0.15	0.0024
-2.75	0.2	0.0065
-2.75	0.25	0.0097
-2.75	0.4	0.0039
-2.75	1.05	0.0029
-2.75	1.2	0.0089
-2.75	1.25	0.0236
-2.75	1.3	0.0275
-2.75	1.35	0.0172
-2.75	1.4	0.0048
-2.7	-1.4	0.0064
-2.7	-1.35	0.0228
-2.7	-1.3	0.0366
-2.7	-1.25	0.0313
-2.7	-1.2	0.0119
-2.7	-1.1	0.0023
-2.7	-1.05	0.0036
-2.7	-0.9	0.0024
-2.7	-0.75	0.0022
-2.7	-0.55	0.0027
-2.7	-0.4	0.0047
-2.7	-0.25	0.0108
-2.7	-0.2	0.0076
-2.7	-0.1	0.0579
-2.7	-0.05	0.1727
-2.7	0	0.2371
-2.7	0.05	0.1725
-2.7	0.1	0.0576
-2.7	0.15	0.0024
-2.7	0.2	0.007
-2.7	0.25	0.0101
-2.7	0.4	0.0042
-2.7	0.55	0.0026
-2.7	1.05	0.0029
-2.7	1.2	0.0091
-2.7	1.25	0.0239
-2.7	1.3	0.0282
-2.7	1.35	0.0175
-2.7	1.4	0.005
-2.65	-1.35	0.0051
-2.65	-1.3	0.0081
-2.65	-1.25	0.007
-2.65	-1.2	0.0025
-2.65	-0.25	0.0025
-2.65	-0.1	0.0122
-2.65	-0.05	0.039
-2.65	0	0.052
-2.65	0.05	0.038
-2.65	0.1	0.0122
-2.65	0.25	0.0024
-2.65	1.25	0.0053
-2.65	1.3	0.0062
-2.65	1.35	0.004
-2.6	-1.35	0.0052
-2.6	-1.3	0.0073
-2.6	-1.25	0.0065
-2.6	-1.2	0.0028
-2.6	-0.1	0.0106
-2.6	-0.05	0.0367
-2.6	0	0.046
-2.6	0.05	0.0356
-2.6	0.1	0.0135
-2.6	1.25	0.0049
-2.6	1.3	0.0054
-2.6	1.35	0.0037
-2.55	-1.4	0.0124
-2.55	-1.35	0.0431
-2.55	-1.3	0.069
-2.55	-1.25	0.0586
-2.55	-1.2	0.0221
-2.55	-1.1	0.0041
-2.55	-1.05	0.0066
-2.55	-0.9	0.0042
-2.55	-0.75	0.003
-2.55	-0.7	0.0022
-2.55	-0.6	0.0035
-2.55	-0.55	0.0045
-2.55	-0.45	0.0033
-2.55	-0.4	0.0082
-2.55	-0.35	0.0023
-2.55	-0.3	0.0034
-2.55	-0.25	0.0199
-2.55	-0.2	0.0127
-2.55	-0.15	0.0053
-2.55	-0.1	0.1023
-2.55	-0.05	0.3138
-2.55	0	0.4214
-2.55	0.05	0.3051
-2.55	0.1	0.1024
-2.55	0.15	0.0051
-2.55	0.2	0.0117
-2.55	0.25	0.0184
-2.55	0.3	0.0034
-2.55	0.4	0.0074
-2.55	0.45	0.0032
-2.55	0.55	0.0034
-2.55	0.6	0.0024
-2.55	0.7	0.0025
-2.55	0.75	0.003
-2.55	0.9	0.0034
-2.55	1.05	0.0052
-2.55	1.1	0.0031
-2.55	1.2	0.0162
-2.55	1.25	0.0426
-2.55	1.3	0.0494
-2.55	1.35	0.0307
-2.55	1.4	0.0089
-2.5	-2.6	0.0037
-2.5	-2.55	0.0027
-2.5	-1.4	0.0205
-2.5	-1.35	0.0725
-2.5	-1.3	0.117
-2.5	-1.25	0.0992
-2.5	-1.2	0.0377
-2.5	-1.1	0.0072
-2.5	-1.05	0.0115
-2.5	-1	0.0022
-2.5	-0.9	0.0077
-2.5	-0.85	0.0033
-2.5	-0.75	0.0058
-2.5	-0.7	0.0044
-2.5	-0.6	0.006
-2.5	-0.55	0.0082
-2.5	-0.45	0.0056
-2.5	-0.4	0.0144
-2.5	-0.35	0.004
-2.5	-0.3	0.0061
-2.5	-0.25	0.0331
-2.5	-0.2	0.0227
-2.5	-0.15	0.007
-2.5	-0.1	0.179
-2.5	-0.05	0.5347
-2.5	0	0.7306
-2.5	0.05	0.5268
-2.5	0.1	0.1753
-2.5	0.15	0.0067
-2.5	0.2	0.0212
-2.5	0.25	0.031
-2.5	0.3	0.0058
-2.5	0.35	0.0035
-2.5	0.4	0.013
-2.5	0.45	0.0054
-2.5	0.55	0.0064
-2.5	0.6	0.0046
-2.5	0.7	0.0043
-2.5	0.75	0.0053
-2.5	0.85	0.0025
-2.5	0.9	0.0061
-2.5	1.05	0.0087
-2.5	1.1	0.0055
-2.5	1.2	0.0274
-2.5	1.25	0.0725
-2.5	1.3	0.0845
-2.5	1.35	0.0524
-2.5	1.4	0.0149
-2.5	2.6	0.0024
-2.45	-1.4	0.0114
-2.45	-1.35	0.0394
-2.45	-1.3	0.0633
-2.45	-1.25	0.054
-2.45	-1.2	0.02
-2.45	-1.1	0.0042
-2.45	-1.05	0.0064
-2.45	-0.9	0.0044
-2.45	-0.75	0.0035
-2.45	-0.7	0.0026
-2.45	-0.6	0.0035
-2.45	-0.55	0.0047
-2.45	-0.45	0.003
-2.45	-0.4	0.008
-2.45	-0.35	0.0023
-2.45	-0.3	0.0028
-2.45	-0.25	0.018
-2.45	-0.2	0.0119
-2.45	-0.15	0.005
-2.45	-0.1	0.0946
-2.45	-0.05	0.2878
-2.45	0	0.3953
-2.45	0.05	0.2856
-2.45	0.1	0.0952
-2.45	0.15	0.0042
-2.45	0.2	0.0114
-2.45	0.25	0.0176
-2.45	0.3	0.003
-2.45	0.35	0.0023
-2.45	0.4	0.0075
-2.45	0.45	0.003
-2.45	0.55	0.0037
-2.45	0.6	0.0027
-2.45	0.7	0.0023
-2.45	0.75	0.0031
-2.45	0.9	0.0033
-2.45	1.05	0.0046
-2.45	1.1	0.0029
-2.45	1.2	0.0144
-2.45	1.25	0.0388
-2.45	1.3	0.0461
-2.45	1.35	0.0283
-2.45	1.4	0.0081
-2.4	-1.3	0.0028
-2.4	-1.25	0.0025
-2.4	-0.05	0.0098
-2.4	0	0.0185
-2.4	0.05	0.0084
-2.35	-2.6	0.0073
-2.35	-2.55	0.0048
-2.35	-1.55	0.0037
-2.35	-1.5	0.0027
-2.35	-1.4	0.0412
-2.35	-1.35	0.1394
-2.35	-1.3	0.2298
-2.35	-1.25	0.1899
-2.35	-1.2	0.0716
-2.35	-1.15	0.0042
-2.35	-1.1	0.0139
-2.35	-1.05	0.0213
-2.35	-1	0.004
-2.35	-0.95	0.0031
-2.35	-0.9	0.0129
-2.35	-0.85	0.0053
-2.35	-0.75	0.0107
-2.35	-0.7	0.0086
-2.35	-0.6	0.0101
-2.35	-0.55	0.0141
-2.35	-0.45	0.0103
-2.35	-0.4	0.0263
-2.35	-0.35	0.0067
-2.35	-0.3	0.0112
-2.35	-0.25	0.0607
-2.35	-0.2	0.0421
-2.35	-0.15	0.0159
-2.35	-0.1	0.3164
-2.35	-0.05	0.9445
-2.35	0	1.3042
-2.35	0.05	0.9488
-2.35	0.1	0.3115
-2.35	0.15	0.0114
-2.35	0.2	0.0354
-2.35	0.25	0.0573
-2.35	0.3	0.012
-2.35	0.35	0.0066
-2.35	0.4	0.0218
-2.35	0.45	0.0088
-2.35	0.55	0.0115
-2.35	0.6	0.0086
-2.35	0.7	0.0068
-2.35	0.75	0.0091
-2.35	0.85	0.0048
-2.35	0.9	0.0106
-2.35	0.95	0.0029
-2.35	1	0.0028
-2.35	1.05	0.0151
-2.35	1.1	0.0092
-2.35	1.2	0.0494
-2.35	1.25	0.1249
-2.35	1.3	0.15
-2.35	1.35	0.092
-2.35	1.4	0.0258
-2.35	1.55	0.0024
-2.35	2.55	0.0031
-2.35	2.6	0.0042
-2.35	2.65	0.0031
-2.3	-2.6	0.0126
-2.3	-2.55	0.0122
-2.3	-2.5	0.0055
-2.3	-1.7	0.0027
-2.3	-1.6	0.0024
-2.3	-1.55	0.0155
-2.3	-1.5	0.0118
-2.3	-1.45	0.0064
-2.3	-1.4	0.1673
-2.3	-1.35	0.5926
-2.3	-1.3	0.9467
-2.3	-1.25	0.7955
-2.3	-1.2	0.3075
-2.3	-1.15	0.0117
-2.3	-1.1	0.0583
-2.3	-1.05	0.0908
-2.3	-1	0.0188
-2.3	-0.95	0.0141
-2.3	-0.9	0.0568
-2.3	-0.85	0.0239
-2.3	-0.8	0.0049
-2.3	-0.75	0.0476
-2.3	-0.7	0.0357
-2.3	-0.6	0.0428
-2.3	-0.55	0.0594
-2.3	-0.5	0.0053
-2.3	-0.45	0.0424
-2.3	-0.4	0.1092
-2.3	-0.35	0.0284
-2.3	-0.3	0.0479
-2.3	-0.25	0.2539
-2.3	-0.2	0.1708
-2.3	-0.15	0.0607
-2.3	-0.1	1.3399
-2.3	-0.05	4.024
-2.3	0	5.4477
-2.3	0.05	3.9174
-2.3	0.1	1.3217
-2.3	0.15	0.0467
-2.3	0.2	0.1576
-2.3	0.25	0.2308
-2.3	0.3	0.0447
-2.3	0.35	0.0236
-2.3	0.4	0.0913
-2.3	0.45	0.0353
-2.3	0.5	0.0043
-2.3	0.55	0.05
-2.3	0.6	0.0356
-2.3	0.7	0.0299
-2.3	0.75	0.0377
-2.3	0.8	0.004
-2.3	0.85	0.0183
-2.3	0.9	0.0449
-2.3	0.95	0.0116
-2.3	1	0.0127
-2.3	1.05	0.064
-2.3	1.1	0.0392
-2.3	1.15	0.0098
-2.3	1.2	0.2068
-2.3	1.25	0.5263
-2.3	1.3	0.6124
-2.3	1.35	0.3754
-2.3	1.4	0.1046
-2.3	1.45	0.0038
-2.3	1.5	0.0075
-2.3	1.55	0.0096
-2.3	2.5	0.0037
-2.3	2.55	0.012
-2.3	2.6	0.0169
-2.3	2.65	0.0125
-2.3	2.7	0.0042
-2.25	-2.6	0.0158
-2.25	-2.55	0.0226
-2.25	-2.5	0.0151
-2.25	-1.7	0.0057
-2.25	-1.6	0.0048
-2.25	-1.55	0.0321
-2.25	-1.5	0.0241
-2.25	-1.45	0.0156
-2.25	-1.4	0.3326
-2.25	-1.35	1.1841
-2.25	-1.3	1.8797
-2.25	-1.25	1.5945
-2.25	-1.2	0.6013
-2.25	-1.15	0.0239
-2.25	-1.1	0.1172
-2.25	-1.05	0.1895
-2.25	-1	0.034
-2.25	-0.95	0.0324
-2.25	-0.9	0.1189
-2.25	-0.85	0.0492
-2.25	-0.8	0.0102
-2.25	-0.75	0.099
-2.25	-0.7	0.0756
-2.25	-0.6	0.0886
-2.25	-0.55	0.1196
-2.25	-0.5	0.01
-2.25	-0.45	0.0859
-2.25	-0.4	0.2138
-2.25	-0.35	0.0612
-2.25	-0.3	0.0825
-2.25	-0.25	0.5009
-2.25	-0.2	0.3296
-2.25	-0.15	0.1135
-2.25	-0.1	2.6464
-2.25	-0.05	7.9732
-2.25	0	10.8832
-2.25	0.05	7.9024
-2.25	0.1	2.6163
-2.25	0.15	0.1317
-2.25	0.2	0.3188
-2.25	0.25	0.4803
-2.25	0.3	0.0824
-2.25	0.35	0.0519
-2.25	0.4	0.1876
-2.25	0.45	0.0727
-2.25	0.5	0.0102
-2.25	0.55	0.1004
-2.25	0.6	0.0729
-2.25	0.7	0.0584
-2.25	0.75	0.0754
-2.25	0.8	0.0057
-2.25	0.85	0.0368
-2.25	0.9	0.0866
-2.25	0.95	0.0238
-2.25	1	0.0226
-2.25	1.05	0.1266
-2.25	1.1	0.0785
-2.25	1.15	0.0133
-2.25	1.2	0.3993
-2.25	1.25	1.0533
-2.25	1.3	1.2295
-2.25	1.35	0.7586
-2.25	1.4	0.2177
-2.25	1.45	0.0091
-2.25	1.5	0.0151
-2.25	1.55	0.0193
-2.25	1.6	0.0032
-2.25	1.7	0.0033
-2.25	2.5	0.0073
-2.25	2.55	0.0237
-2.25	2.6	0.0336
-2.25	2.65	0.0246
-2.25	2.7	0.0082
-2.2	-2.65	0.0067
-2.2	-2.6	0.0173
-2.2	-2.55	0.0591
-2.2	-2.5	0.0319
-2.2	-1.75	0.0022
-2.2	-1.7	0.007
-2.2	-1.65	0.0023
-2.2	-1.6	0.0064
-2.2	-1.55	0.0415
-2.2	-1.5	0.0336
-2.2	-1.45	0.0196
-2.2	-1.4	0.4702
-2.2	-1.35	1.6154
-2.2	-1.3	2.5687
-2.2	-1.25	2.1278
-2.2	-1.2	0.7934
-2.2	-1.15	0.0294
-2.2	-1.1	0.155
-2.2	-1.05	0.2417
-2.2	-1	0.0463
-2.2	-0.95	0.0414
-2.2	-0.9	0.1598
-2.2	-0.85	0.0656
-2.2	-0.8	0.0139
-2.2	-0.75	0.1388
-2.2	-0.7	0.1038
-2.2	-0.65	0.0041
-2.2	-0.6	0.1221
-2.2	-0.55	0.1654
-2.2	-0.5	0.0172
-2.2	-0.45	0.116
-2.2	-0.4	0.2954
-2.2	-0.35	0.0797
-2.2	-0.3	0.1211
-2.2	-0.25	0.6465
-2.2	-0.2	0.4372
-2.2	-0.15	0.1551
-2.2	-0.1	3.4688
-2.2	-0.05	10.3388
-2.2	0	14.1131
-2.2	0.05	10.1906
-2.2	0.1	3.3653
-2.2	0.15	0.1052
-2.2	0.2	0.4206
-2.2	0.25	0.6112
-2.2	0.3	0.1126
-2.2	0.35	0.0679
-2.2	0.4	0.2474
-2.2	0.45	0.098
-2.2	0.5	0.0115
-2.2	0.55	0.1357
-2.2	0.6	0.0962
-2.2	0.65	0.0027
-2.2	0.7	0.0787
-2.2	0.75	0.0986
-2.2	0.8	0.0108
-2.2	0.85	0.0477
-2.2	0.9	0.1153
-2.2	0.95	0.0315
-2.2	1	0.0306
-2.2	1.05	0.1631
-2.2	1.1	0.101
-2.2	1.15	0.0238
-2.2	1.2	0.5153
-2.2	1.25	1.362
-2.2	1.3	1.5848
-2.2	1.35	0.9773
-2.2	1.4	0.2772
-2.2	1.45	0.0095
-2.2	1.5	0.0197
-2.2	1.55	0.025
-2.2	1.6	0.0037
-2.2	1.7	0.0042
-2.2	2.5	0.0092
-2.2	2.55	0.0303
-2.2	2.6	0.0426
-2.2	2.65	0.0314
-2.2	2.7	0.0105
-2.15	-2.6	0.0029
-2.15	-2.55	0.0026
-2.15	-1.75	0.0036
-2.15	-1.7	0.0143
-2.15	-1.65	0.0037
-2.15	-1.6	0.0074
-2.15	-1.55	0.0415
-2.15	-1.5	0.0289
-2.15	-1.45	0.0192
-2.15	-1.4	0.4073
-2.15	-1.35	1.4826
-2.15	-1.3	2.4144
-2.15	-1.25	2.0669
-2.15	-1.2	0.768
-2.15	-1.15	0.0362
-2.15	-1.1	0.145
-2.15	-1.05	0.2306
-2.15	-1	0.0412
-2.15	-0.95	0.0403
-2.15	-0.9	0.1446
-2.15	-0.85	0.059
-2.15	-0.8	0.0133
-2.15	-0.75	0.1248
-2.15	-0.7	0.097
-2.15	-0.6	0.115
-2.15	-0.55	0.1564
-2.15	-0.5	0.0117
-2.15	-0.45	0.1127
-2.15	-0.4	0.2768
-2.15	-0.35	0.0787
-2.15	-0.3	0.1039
-2.15	-0.25	0.6142
-2.15	-0.2	0.4055
-2.15	-0.15	0.139
-2.15	-0.1	3.1948
-2.15	-0.05	9.542
-2.15	0	12.9163
-2.15	0.05	9.338
-2.15	0.1	3.059
-2.15	0.15	0.1462
-2.15	0.2	0.3764
-2.15	0.25	0.564
-2.15	0.3	0.1009
-2.15	0.35	0.0644
-2.15	0.4	0.2284
-2.15	0.45	0.0875
-2.15	0.5	0.0134
-2.15	0.55	0.124
-2.15	0.6	0.09
-2.15	0.7	0.0722
-2.15	0.75	0.0928
-2.15	0.8	0.0072
-2.15	0.85	0.0453
-2.15	0.9	0.1051
-2.15	0.95	0.0286
-2.15	1	0.0265
-2.15	1.05	0.1472
-2.15	1.1	0.0929
-2.15	1.15	0.0147
-2.15	1.2	0.4648
-2.15	1.25	1.2226
-2.15	1.3	1.4329
-2.15	1.35	0.881
-2.15	1.4	0.2509
-2.15	1.45	0.0109
-2.15	1.5	0.0179
-2.15	1.55	0.0226
-2.15	1.6	0.0036
-2.15	1.7	0.0039
-2.15	2.5	0.0083
-2.15	2.55	0.0273
-2.15	2.6	0.0387
-2.15	2.65	0.0283
-2.15	2.7	0.0096
-2.1	-1.6	0.0025
-2.1	-1.55	0.0259
-2.1	-1.5	0.0394
-2.1	-1.45	0.0231
-2.1	-1.4	0.4481
-2.1	-1.35	1.2078
-2.1	-1.3	1.6646
-2.1	-1.25	1.2934
-2.1	-1.2	0.4791
-2.1	-1.15	0.0165
-2.1	-1.1	0.0959
-2.1	-1.05	0.1517
-2.1	-1	0.0286
-2.1	-0.95	0.0258
-2.1	-0.9	0.0959
-2.1	-0.85	0.0386
-2.1	-0.8	0.0077
-2.1	-0.75	0.0801
-2.1	-0.7	0.0609
-2.1	-0.65	0.0031
-2.1	-0.6	0.072
-2.1	-0.55	0.097
-2.1	-0.5	0.0096
-2.1	-0.45	0.071
-2.1	-0.4	0.1829
-2.1	-0.35	0.0486
-2.1	-0.3	0.0769
-2.1	-0.25	0.4031
-2.1	-0.2	0.267
-2.1	-0.15	0.1119
-2.1	-0.1	2.1529
-2.1	-0.05	6.2731
-2.1	0	8.4375
-2.1	0.05	6.094
-2.1	0.1	1.9778
-2.1	0.15	0.0587
-2.1	0.2	0.2442
-2.1	0.25	0.3532
-2.1	0.3	0.0617
-2.1	0.35	0.0407
-2.1	0.4	0.1408
-2.1	0.45	0.0549
-2.1	0.5	0.0063
-2.1	0.55	0.0779
-2.1	0.6	0.0547
-2.1	0.7	0.0465
-2.1	0.75	0.0582
-2.1	0.8	0.0059
-2.1	0.85	0.0287
-2.1	0.9	0.0682
-2.1	0.95	0.0181
-2.1	1	0.0173
-2.1	1.05	0.0964
-2.1	1.1	0.0576
-2.1	1.15	0.017
-2.1	1.2	0.2991
-2.1	1.25	0.7867
-2.1	1.3	0.9101
-2.1	1.35	0.5547
-2.1	1.4	0.1561
-2.1	1.45	0.006
-2.1	1.5	0.0108
-2.1	1.55	0.0139
-2.1	1.7	0.0024
-2.1	2.5	0.0053
-2.1	2.55	0.0173
-2.1	2.6	0.0243
-2.1	2.65	0.0177
-2.1	2.7	0.0059
-2.05	-1.55	0.0152
-2.05	-1.5	0.0035
-2.05	-1.4	0.0264
-2.05	-1.35	0.1401
-2.05	-1.3	0.8266
-2.05	-1.25	1.1177
-2.05	-1.2	0.4249
-2.05	-1.15	0.0145
-2.05	-1.1	0.0438
-2.05	-1.05	0.0623
-2.05	-1	0.0107
-2.05	-0.95	0.0107
-2.05	-0.9	0.0373
-2.05	-0.85	0.0152
-2.05	-0.8	0.0035
-2.05	-0.75	0.0318
-2.05	-0.7	0.0237
-2.05	-0.6	0.0277
-2.05	-0.55	0.0366
-2.05	-0.5	0.0024
-2.05	-0.45	0.0273
-2.05	-0.4	0.067
-2.05	-0.35	0.0191
-2.05	-0.3	0.0267
-2.05	-0.25	0.153
-2.05	-0.2	0.0984
-2.05	-0.15	0.0315
-2.05	-0.1	0.83
-2.05	-0.05	2.4739
-2.05	0	3.3244
-2.05	0.05	2.3996
-2.05	0.1	0.793
-2.05	0.15	0.0397
-2.05	0.2	0.0946
-2.05	0.25	0.1387
-2.05	0.3	0.0247
-2.05	0.35	0.0141
-2.05	0.4	0.0559
-2.05	0.45	0.0211
-2.05	0.5	0.0033
-2.05	0.55	0.0293
-2.05	0.6	0.0209
-2.05	0.7	0.0175
-2.05	0.75	0.0217
-2.05	0.85	0.0109
-2.05	0.9	0.026
-2.05	0.95	0.0066
-2.05	1	0.0069
-2.05	1.05	0.0362
-2.05	1.1	0.0221
-2.05	1.15	0.0038
-2.05	1.2	0.1174
-2.05	1.25	0.3041
-2.05	1.3	0.356
-2.05	1.35	0.2208
-2.05	1.4	0.0629
-2.05	1.45	0.0028
-2.05	1.5	0.0043
-2.05	1.55	0.0054
-2.05	2.55	0.0067
-2.05	2.6	0.0095
-2.05	2.65	0.007
-2.05	2.7	0.0023
-2	-1.4	0.0057
-2	-1.35	0.1306
-2	-1.3	0.109
-2	-1.25	0.0226
-2	-1.2	0.0059
-2	-1.05	0.0075
-2	-1	0.0056
-2	-0.95	0.0028
-2	-0.9	0.0072
-2	-0.85	0.0025
-2	-0.75	0.004
-2	-0.7	0.0028
-2	-0.6	0.004
-2	-0.55	0.005
-2	-0.45	0.0039
-2	-0.4	0.0093
-2	-0.35	0.0029
-2	-0.3	0.0037
-2	-0.25	0.0206
-2	-0.2	0.0127
-2	-0.15	0.0063
-2	-0.1	0.1075
-2	-0.05	0.3317
-2	0	0.4469
-2	0.05	0.3173
-2	0.1	0.1078
-2	0.15	0.0044
-2	0.2	0.0108
-2	0.25	0.018
-2	0.3	0.0034
-2	0.4	0.0073
-2	0.45	0.0029
-2	0.55	0.0037
-2	0.6	0.0025
-2	0.7	0.0024
-2	0.75	0.0027
-2	0.9	0.0034
-2	1.05	0.005
-2	1.1	0.0032
-2	1.2	0.0152
-2	1.25	0.0419
-2	1.3	0.0475
-2	1.35	0.0298
-2	1.4	0.0083
-1.95	-1.4	0.0206
-1.95	-1.35	0.0459
-1.95	-1.3	0.0086
-1.95	-1.25	0.0028
-1.95	-0.25	0.0037
-1.95	-0.2	0.0022
-1.95	-0.1	0.014
-1.95	-0.05	0.0441
-1.95	0	0.0647
-1.95	0.05	0.0416
-1.95	0.1	0.0153
-1.95	0.25	0.0028
-1.95	1.2	0.0025
-1.95	1.25	0.0058
-1.95	1.3	0.0071
-1.95	1.35	0.004
-1.9	-1.4	0.0024
-1.9	-1.35	0.0137
-1.9	-1.3	0.0453
-1.9	-1.25	0.1067
-1.9	-1.2	0.301
-1.9	-1.15	0.0059
-1.9	-1.1	0.0049
-1.9	-1.05	0.0034
-1.9	-0.9	0.0037
-1.9	-0.85	0.0037
-1.9	-0.55	0.0041
-1.9	-0.45	0.0112
-1.9	-0.4	0.0159
-1.9	-0.35	0.0032
-1.9	-0.3	0.0042
-1.9	-0.25	0.0234
-1.9	-0.2	0.0156
-1.9	-0.15	0.0072
-1.9	-0.1	0.1426
-1.9	-0.05	0.4183
-1.9	0	0.5564
-1.9	0.05	0.3878
-1.9	0.1	0.1218
-1.9	0.15	0.0038
-1.9	0.2	0.0156
-1.9	0.25	0.0208
-1.9	0.3	0.0032
-1.9	0.35	0.0029
-1.9	0.4	0.0087
-1.9	0.45	0.0031
-1.9	0.55	0.0053
-1.9	0.6	0.0035
-1.9	0.7	0.0031
-1.9	0.75	0.0037
-1.9	0.9	0.0046
-1.9	1.05	0.0061
-1.9	1.1	0.0036
-1.9	1.2	0.0191
-1.9	1.25	0.0491
-1.9	1.3	0.056
-1.9	1.35	0.0335
-1.9	1.4	0.0091
-1.85	-1.35	0.0036
-1.85	-1.3	0.0071
-1.85	-1.25	0.008
-1.85	-1.2	0.0043
-1.85	-1.1	0.0022
-1.85	-1.05	0.0105
-1.85	-1	0.023
-1.85	-0.95	0.0196
-1.85	-0.9	0.0103
-1.85	-0.6	0.015
-1.85	-0.55	0.0035
-1.85	-0.4	0.0024
-1.85	-0.3	0.0028
-1.85	-0.25	0.0624
-1.85	-0.2	0.0736
-1.85	-0.15	0.0077
-1.85	-0.1	0.1213
-1.85	-0.05	0.3526
-1.85	0	0.5123
-1.85	0.05	0.3938
-1.85	0.1	0.1346
-1.85	0.15	0.0062
-1.85	0.2	0.0176
-1.85	0.25	0.0242
-1.85	0.3	0.004
-1.85	0.35	0.0031
-1.85	0.4	0.0096
-1.85	0.45	0.0032
-1.85	0.55	0.0051
-1.85	0.6	0.0032
-1.85	0.7	0.0031
-1.85	0.75	0.0036
-1.85	0.85	0.0022
-1.85	0.9	0.0047
-1.85	1.05	0.0064
-1.85	1.1	0.0038
-1.85	1.2	0.0212
-1.85	1.25	0.0542
-1.85	1.3	0.0627
-1.85	1.35	0.0376
-1.85	1.4	0.0105
-1.8	-0.8	0.0031
-1.8	-0.75	0.0262
-1.8	-0.4	0.0069
-1.8	-0.25	0.0024
-1.8	-0.1	0.0156
-1.8	-0.05	0.077
-1.8	0	0.2809
-1.8	0.05	0.3013
-1.8	0.1	0.064
-1.8	0.2	0.0039
-1.8	0.25	0.0069
-1.8	0.4	0.0034
-1.8	1.05	0.0023
-1.8	1.2	0.0082
-1.8	1.25	0.0202
-1.8	1.3	0.0232
-1.8	1.35	0.0145
-1.8	1.4	0.0039
-1.75	-0.1	0.0023
-1.7	-0.4	0.0026
-1.7	-0.35	0.009
-1.7	-0.3	0.0045
-1.7	-0.25	0.0044
-1.7	-0.1	0.0033
-1.7	-0.05	0.0112
-1.7	0	0.0263
-1.7	0.05	0.0699
-1.7	0.1	0.0864
-1.7	0.2	0.0027
-1.7	0.55	0.0023
-1.7	1.2	0.0025
-1.7	1.25	0.0071
-1.7	1.3	0.0082
-1.7	1.35	0.0048
-1.65	-0.25	0.0027
-1.65	-0.2	0.0052
-1.65	-0.15	0.0101
-1.65	-0.1	0.4508
-1.65	-0.05	0.2534
-1.65	0	0.0721
-1.65	0.05	0.0247
-1.65	0.1	0.0056
-1.65	0.25	0.0035
-1.65	0.35	0.0047
-1.65	0.4	0.0077
-1.65	0.75	0.0023
-1.65	1.05	0.0025
-1.65	1.2	0.0076
-1.65	1.25	0.0182
-1.65	1.3	0.0197
-1.65	1.35	0.011
-1.65	1.4	0.0027
-1.6	-0.1	0.0038
-1.6	-0.05	0.0194
-1.6	0	0.0565
-1.6	0.05	0.14
-1.6	0.1	0.2138
-1.6	0.15	0.0038
-1.6	0.55	0.0055
-1.6	0.6	0.0058
-1.6	1.05	0.0024
-1.6	1.25	0.0084
-1.6	1.3	0.0152
-1.6	1.35	0.0104
-1.6	1.4	0.0022
-1.55	1.25	0.0063
-1.55	1.3	0.007
-1.45	0.75	0.0037
-1.45	1.25	0.0232
-1.45	1.3	0.0494
-1.45	1.35	0.01
-1.35	1.2	0.0027
-1.1	-0.1	0.0043
-1.1	-0.05	0.3438
-1.1	0	1.3889
-1.1	0.05	0.1071
-1.1	0.1	0.0324
-1.1	0.55	0.0072
-1.1	0.6	0.0051
-1.1	0.65	0.0034
-1.05	-0.25	0.078
-1.05	-0.2	0.0034
-1.05	-0.05	0.0029
-1.05	0	0.0034
-1.05	0.05	0.0023
-1.05	0.9	0.0134
-1.05	0.95	0.0033
-1	-0.35	0.0051
-1	1.1	0.0053
-1	1.15	0.0036
-1	1.2	0.0034
-1	1.25	0.003
-0.95	-0.45	0.0078
-0.95	1.25	0.0022
-0.95	1.3	0.0211
-0.95	1.35	0.039
-0.95	1.4	0.0034
-0.85	-0.6	0.0737
-0.8	-0.65	0.0026
-0.65	-0.8	0.0075
-0.55	-0.05	0.0024
-0.55	0	0.0033
-0.55	0.05	0.0025
-0.5	-0.9	0.0649
-0.5	-0.05	0.0044
-0.5	0	0.0062
-0.5	0.05	0.0047
-0.45	-0.05	0.0055
-0.45	0	0.0077
-0.45	0.05	0.0058
-0.4	-0.95	0.0028
-0.4	-0.05	0.0048
-0.4	0	0.0068
-0.4	0.05	0.0051
-0.35	-0.05	0.003
-0.35	0	0.0041
-0.35	0.05	0.0031
-0.3	-1	0.0035
-0.25	-1	0.2339