0.5 -0.9    0.0018
0.55    -0.9    0.0016
0.6 -0.85   0.1607
0.65    -0.85   0.0021
0.65    -0.8    0.0081
0.65    -0.05   0.0013
0.65    0   0.0018
0.65    0.05    0.0013
0.7 -0.85   0.0012
0.7 -0.8    0.011
0.7 -0.1    0.0017
0.7 -0.05   0.0052
0.7 0   0.0072
0.7 0.05    0.0053
0.7 0.1 0.0018
0.75    -1.3    0.0015
0.75    -1.25   0.0014
0.75    -0.75   0.0366
0.75    -0.7    0.0014
0.75    -0.1    0.0035
0.75    -0.05   0.0108
0.75    0   0.0151
0.75    0.05    0.0112
0.75    0.1 0.0039
0.75    1.25    0.0011
0.75    1.3 0.0014
0.8 -1.35   0.0012
0.8 -1.3    0.002
0.8 -1.25   0.0018
0.8 -0.75   0.0011
0.8 -0.7    0.0753
0.8 -0.65   0.002
0.8 -0.1    0.0051
0.8 -0.05   0.0155
0.8 0   0.0215
0.8 0.05    0.016
0.8 0.1 0.0055
0.8 0.25    0.0011
0.8 1.25    0.0015
0.8 1.3 0.0018
0.8 1.35    0.0012
0.85    -1.35   0.0012
0.85    -1.3    0.0019
0.85    -1.25   0.0017
0.85    -0.7    0.0042
0.85    -0.65   0.0995
0.85    -0.6    0.0015
0.85    -0.25   0.001
0.85    -0.1    0.0054
0.85    -0.05   0.0164
0.85    0   0.0228
0.85    0.05    0.0168
0.85    0.1 0.0057
0.85    0.25    0.0012
0.85    1.25    0.0015
0.85    1.3 0.0018
0.85    1.35    0.0011
0.9 -1.3    0.0014
0.9 -1.25   0.0012
0.9 -0.7    0.0015
0.9 -0.65   0.0027
0.9 -0.6    0.0164
0.9 -0.55   0.0043
0.9 -0.1    0.0043
0.9 -0.05   0.0131
0.9 0   0.018
0.9 0.05    0.0131
0.9 0.1 0.0044
0.9 1.25    0.0011
0.9 1.3 0.0013
0.95    -0.55   0.0052
0.95    -0.5    0.0975
0.95    -0.1    0.0025
0.95    -0.05   0.0075
0.95    0   0.0102
0.95    0.05    0.0073
0.95    0.1 0.0024
1   -0.45   0.0097
1   -0.4    0.0023
1   -0.05   0.0026
1   0   0.0034
1   0.05    0.0023
1.05    -0.35   0.0603
1.1 -0.25   0.0077
1.1 -0.05   0.0014
1.1 0   0.0016
1.1 0.05    0.0011
1.15    -0.15   0.0016
1.15    -0.1    0.3751
1.15    -0.05   0.019
1.15    0   0.0113
1.15    0.05    0.0055
1.15    0.1 0.0013
1.2 -0.05   0.0041
1.2 0   0.0578
1.2 0.05    0.1676
1.2 0.1 0.0104
1.25    0   0.0014
1.25    0.05    0.002
1.25    0.1 0.0017
1.25    0.2 0.0126
1.25    0.25    0.0466
1.25    0.3 0.003
1.3 -0.05   0.0012
1.3 0   0.0018
1.3 0.05    0.0017
1.3 0.45    0.0046
1.3 0.5 0.0111
1.3 0.55    0.0126
1.3 0.6 0.0082
1.3 0.65    0.0012
1.35    -0.05   0.0012
1.35    0   0.0017
1.35    0.05    0.0014
1.35    0.85    0.0103
1.35    0.9 0.009
1.35    0.95    0.0048
1.35    1   0.0012
1.35    1.05    0.0011
1.35    1.2 0.0019
1.35    1.25    0.0028
1.35    1.3 0.0021
1.4 -1.4    0.0015
1.4 -1.35   0.0024
1.4 -1.3    0.0023
1.4 -1.25   0.0013
1.4 0   0.0011
1.4 1.15    0.0012
1.4 1.2 0.0334
1.4 1.25    0.1524
1.4 1.3 0.4822
1.4 1.35    0.0493
1.4 1.4 0.0024
1.45    -1.35   0.0022
1.45    -1.3    0.0078
1.45    -1.25   0.0086
1.45    -1.2    0.0084
1.45    -1.15   0.0019
1.5 -1.35   0.0014
1.5 -0.85   0.0014
1.5 -0.7    0.0013
1.55    -1.35   0.0016
1.55    -1.3    0.0024
1.55    -1.25   0.0023
1.55    -1.2    0.0014
1.55    -1.05   0.0011
1.55    -0.45   0.0024
1.55    -0.4    0.0106
1.55    -0.35   0.0035
1.55    -0.3    0.0031
1.55    -0.25   0.0042
1.55    -0.2    0.0018
1.55    -0.1    0.0043
1.55    -0.05   0.0095
1.55    0   0.0107
1.55    0.05    0.0067
1.55    0.1 0.0021
1.6 -1.4    0.0057
1.6 -1.35   0.0244
1.6 -1.3    0.065
1.6 -1.25   0.0615
1.6 -1.2    0.0249
1.6 -1.15   0.0011
1.6 -0.75   0.0044
1.6 -0.7    0.0031
1.6 -0.25   0.0015
1.6 -0.2    0.0014
1.6 -0.15   0.0014
1.6 -0.1    0.0414
1.6 -0.05   0.1902
1.6 0   1.4944
1.6 0.05    0.675
1.6 0.1 0.2594
1.6 0.15    0.0071
1.6 0.2 0.0029
1.6 0.25    0.0024
1.65    -1.4    0.0059
1.65    -1.35   0.0205
1.65    -1.3    0.0341
1.65    -1.25   0.0304
1.65    -1.2    0.0131
1.65    -1.15   0.001
1.65    -1.1    0.0015
1.65    -1.05   0.0038
1.65    -1  0.0013
1.65    -0.95   0.001
1.65    -0.9    0.0051
1.65    -0.45   0.0013
1.65    -0.4    0.0181
1.65    -0.35   0.0038
1.65    -0.3    0.0018
1.65    -0.25   0.0048
1.65    -0.2    0.0019
1.65    -0.1    0.0089
1.65    -0.05   0.0243
1.65    0   0.033
1.65    0.05    0.0253
1.65    0.1 0.0099
1.65    0.25    0.0028
1.65    0.4 0.0108
1.65    0.45    0.0046
1.65    0.5 0.0029
1.65    0.55    0.0138
1.65    0.6 0.0021
1.65    1.25    0.0012
1.65    1.3 0.0014
1.65    2.5 0.0087
1.65    2.55    0.0036
1.7 -1.4    0.0048
1.7 -1.35   0.0172
1.7 -1.3    0.0282
1.7 -1.25   0.0251
1.7 -1.2    0.0104
1.7 -1.1    0.0013
1.7 -1.05   0.0026
1.7 -0.9    0.0011
1.7 -0.75   0.0015
1.7 -0.7    0.0015
1.7 -0.6    0.0046
1.7 -0.55   0.0036
1.7 -0.25   0.0017
1.7 -0.2    0.0019
1.7 -0.15   0.0013
1.7 -0.1    0.0625
1.7 -0.05   0.9138
1.7 0   1.0302
1.7 0.05    0.2142
1.7 0.1 0.036
1.7 0.15    0.0019
1.7 0.25    0.0014
1.7 0.85    0.0019
1.7 0.9 0.0128
1.7 0.95    0.0052
1.7 1   0.0011
1.7 1.05    0.0054
1.7 1.2 0.0018
1.7 1.25    0.0039
1.7 1.3 0.0035
1.7 1.35    0.0018
1.7 2.65    0.0029
1.7 2.7 0.0018
1.75    -1.4    0.0029
1.75    -1.35   0.0099
1.75    -1.3    0.016
1.75    -1.25   0.0138
1.75    -1.2    0.0057
1.75    -1.05   0.0016
1.75    -0.6    0.0016
1.75    -0.55   0.0013
1.75    -0.4    0.0025
1.75    -0.3    0.0055
1.75    -0.25   0.0126
1.75    -0.2    0.0024
1.75    -0.1    0.0064
1.75    -0.05   0.0152
1.75    0   0.0199
1.75    0.05    0.0157
1.75    0.1 0.0073
1.75    0.2 0.0026
1.75    0.25    0.0078
1.75    0.3 0.0097
1.75    0.4 0.0026
1.75    0.45    0.0011
1.75    1.2 0.0026
1.75    1.25    0.0194
1.75    1.3 0.0758
1.75    1.35    0.1142
1.75    1.4 0.0109
1.8 -1.4    0.0011
1.8 -1.35   0.0038
1.8 -1.3    0.006
1.8 -1.25   0.0051
1.8 -1.2    0.002
1.8 -0.6    0.0011
1.8 -0.4    0.001
1.8 -0.25   0.0022
1.8 -0.2    0.0011
1.8 -0.1    0.0066
1.8 -0.05   0.0475
1.8 0   0.0849
1.8 0.05    0.0794
1.8 0.1 0.0178
1.8 0.65    0.0036
1.8 0.7 0.0043
1.8 0.75    0.0016
1.85    -1.3    0.0013
1.85    -1.25   0.001
1.85    -0.1    0.0032
1.85    -0.05   0.0083
1.85    0   0.0103
1.85    0.05    0.0065
1.85    0.1 0.0015
1.9 -0.05   0.0013
1.9 0   0.0016
1.9 0.05    0.0012
1.9 0.65    0.0012
2   0   0.0012
2.05    -0.05   0.0019
2.05    0   0.0026
2.05    0.05    0.0019
2.1 -0.05   0.0017
2.1 0   0.0023
2.1 0.05    0.0017
2.15    -0.05   0.0026
2.15    0   0.0033
2.15    0.05    0.0024
2.2 -1.3    0.0014
2.2 -1.25   0.0012
2.2 -0.1    0.0034
2.2 -0.05   0.0088
2.2 0   0.0118
2.2 0.05    0.0087
2.2 0.1 0.0031
2.2 1.25    0.0014
2.2 1.3 0.0016
2.2 1.35    0.001
2.25    -1.35   0.0017
2.25    -1.3    0.0027
2.25    -1.25   0.0023
2.25    -0.1    0.0063
2.25    -0.05   0.0171
2.25    0   0.0227
2.25    0.05    0.0166
2.25    0.1 0.0059
2.25    1.2 0.0012
2.25    1.25    0.0029
2.25    1.3 0.0032
2.25    1.35    0.002
2.3 -1.35   0.0016
2.3 -1.3    0.0024
2.3 -1.25   0.0021
2.3 -0.1    0.0059
2.3 -0.05   0.0156
2.3 0   0.0206
2.3 0.05    0.0149
2.3 0.1 0.0052
2.3 1.2 0.0012
2.3 1.25    0.0027
2.3 1.3 0.0031
2.3 1.35    0.0019
2.35    -0.1    0.002
2.35    -0.05   0.0051
2.35    0   0.0064
2.35    0.05    0.0044
2.35    0.1 0.0016
2.4 -0.1    0.001
2.4 -0.05   0.0031
2.4 0   0.0047
2.4 0.05    0.0036
2.4 0.1 0.0014
2.45    -1.35   0.0023
2.45    -1.3    0.0038
2.45    -1.25   0.0034
2.45    -1.2    0.0014
2.45    -0.25   0.0012
2.45    -0.1    0.007
2.45    -0.05   0.022
2.45    0   0.0316
2.45    0.05    0.024
2.45    0.1 0.0086
2.45    0.25    0.0013
2.45    1.2 0.0013
2.45    1.25    0.0038
2.45    1.3 0.0045
2.45    1.35    0.0029
2.5 -1.4    0.0014
2.5 -1.35   0.0049
2.5 -1.3    0.0081
2.5 -1.25   0.0071
2.5 -1.2    0.0029
2.5 -0.4    0.0011
2.5 -0.25   0.0025
2.5 -0.2    0.0018
2.5 -0.1    0.0156
2.5 -0.05   0.0474
2.5 0   0.0674
2.5 0.05    0.0507
2.5 0.1 0.0182
2.5 0.15    0.001
2.5 0.2 0.0016
2.5 0.25    0.0026
2.5 0.4 0.0012
2.5 0.55    0.0011
2.5 1.2 0.0031
2.5 1.25    0.0082
2.5 1.3 0.0099
2.5 1.35    0.0063
2.5 1.4 0.0019
2.55    -1.4    0.0015
2.55    -1.35   0.0054
2.55    -1.3    0.0089
2.55    -1.25   0.0078
2.55    -1.2    0.0031
2.55    -0.75   0.0011
2.55    -0.4    0.0013
2.55    -0.25   0.0029
2.55    -0.2    0.002
2.55    -0.1    0.0172
2.55    -0.05   0.0528
2.55    0   0.0737
2.55    0.05    0.0554
2.55    0.1 0.0192
2.55    0.15    0.0011
2.55    0.2 0.0017
2.55    0.25    0.0028
2.55    0.4 0.0012
2.55    0.55    0.0015
2.55    0.6 0.0012
2.55    1.2 0.0034
2.55    1.25    0.0091
2.55    1.3 0.0109
2.55    1.35    0.0069
2.55    1.4 0.0021
2.6 -1.4    0.001
2.6 -1.35   0.0035
2.6 -1.3    0.0057
2.6 -1.25   0.0049
2.6 -1.2    0.0019
2.6 -0.25   0.002
2.6 -0.2    0.0014
2.6 -0.1    0.0118
2.6 -0.05   0.0344
2.6 0   0.0476
2.6 0.05    0.0351
2.6 0.1 0.012
2.6 0.2 0.0011
2.6 0.25    0.0016
2.6 0.55    0.0011
2.6 1.2 0.0023
2.6 1.25    0.0058
2.6 1.3 0.0069
2.6 1.35    0.0044
2.6 1.4 0.0013
2.65    -1.35   0.0012
2.65    -1.3    0.0019
2.65    -1.25   0.0016
2.65    -0.1    0.0039
2.65    -0.05   0.0115
2.65    0   0.0155
2.65    0.05    0.0114
2.65    0.1 0.004
2.65    1.25    0.0019
2.65    1.3 0.0023
2.65    1.35    0.0014
2.7 -0.05   0.0018
2.7 0   0.0025
2.7 0.05    0.0019
2.75    -0.05   0.0017
2.75    0   0.0025
2.75    0.05    0.0021
2.8 0   0.0014
2.8 0.05    0.0012
2.85    -0.05   0.0017
2.85    0   0.0023
2.85    0.05    0.0018
2.9 -1.3    0.0017
2.9 -1.25   0.0014
2.9 -0.1    0.0031
2.9 -0.05   0.0095
2.9 0   0.0135
2.9 0.05    0.0101
2.9 0.1 0.0035
2.9 1.25    0.0016
2.9 1.3 0.002
2.9 1.35    0.0012
2.95    -1.35   0.0018
2.95    -1.3    0.003
2.95    -1.25   0.0026
2.95    -1.2    0.001
2.95    -0.1    0.0055
2.95    -0.05   0.0171
2.95    0   0.0242
2.95    0.05    0.0183
2.95    0.1 0.0064
2.95    0.25    0.001
2.95    1.2 0.0011
2.95    1.25    0.0029
2.95    1.3 0.0035
2.95    1.35    0.0023
3   -1.35   0.0013
3   -1.3    0.0022
3   -1.25   0.0019
3   -0.1    0.0042
3   -0.05   0.0127
3   0   0.0181
3   0.05    0.0135
3   0.1 0.0048
3   1.25    0.0022
3   1.3 0.0026
3   1.35    0.0017
3.05    -0.05   0.0022
3.05    0   0.0033
3.05    0.05    0.0027
3.1 -0.05   0.0029
3.1 0   0.0041
3.1 0.05    0.0031
3.1 0.1 0.001
3.15    -1.35   0.0016
3.15    -1.3    0.0026
3.15    -1.25   0.0023
3.15    -0.1    0.005
3.15    -0.05   0.0152
3.15    0   0.0211
3.15    0.05    0.0158
3.15    0.1 0.0054
3.15    1.25    0.0026
3.15    1.3 0.0031
3.15    1.35    0.0019
3.2 -1.35   0.002
3.2 -1.3    0.0034
3.2 -1.25   0.0029
3.2 -1.2    0.0012
3.2 -0.25   0.0012
3.2 -0.1    0.0063
3.2 -0.05   0.0195
3.2 0   0.0273
3.2 0.05    0.0204
3.2 0.1 0.0071
3.2 0.25    0.0012
3.2 1.2 0.0012
3.2 1.25    0.0033
3.2 1.3 0.004
3.2 1.35    0.0025
3.25    -1.3    0.0015
3.25    -1.25   0.0013
3.25    -0.1    0.0026
3.25    -0.05   0.0085
3.25    0   0.0118
3.25    0.05    0.0089
3.25    0.1 0.0032
3.25    1.25    0.0014
3.25    1.3 0.0017
3.25    1.35    0.0011
3.3 0   0.0012
3.35    -1.35   0.0013
3.35    -1.3    0.0021
3.35    -1.25   0.0018
3.35    -0.1    0.0041
3.35    -0.05   0.0122
3.35    0   0.0168
3.35    0.05    0.0123
3.35    0.1 0.0042
3.35    1.25    0.0021
3.35    1.3 0.0024
3.35    1.35    0.0015
3.4 -1.35   0.0027
3.4 -1.3    0.0044
3.4 -1.25   0.0038
3.4 -1.2    0.0014
3.4 -0.25   0.0014
3.4 -0.1    0.0084
3.4 -0.05   0.0258
3.4 0   0.0355
3.4 0.05    0.026
3.4 0.1 0.0085
3.4 0.2 0.0012
3.4 0.25    0.0016
3.4 0.4 0.0014
3.4 1.2 0.0016
3.4 1.25    0.0044
3.4 1.3 0.0052
3.4 1.35    0.0032
3.45    -1.35   0.0019
3.45    -1.3    0.0031
3.45    -1.25   0.0027
3.45    -0.25   0.001
3.45    -0.1    0.0056
3.45    -0.05   0.018
3.45    0   0.0253
3.45    0.05    0.0184
3.45    0.1 0.0059
3.45    0.25    0.0011
3.45    0.4 0.0012
3.45    1.2 0.0011
3.45    1.25    0.0031
3.45    1.3 0.0037
3.45    1.35    0.0023
3.5 -0.05   0.0029
3.5 0   0.004
3.5 0.05    0.0027
3.55    -1.35   0.0014
3.55    -1.3    0.0022
3.55    -1.25   0.0019
3.55    -0.1    0.0054
3.55    -0.05   0.0137
3.55    0   0.0177
3.55    0.05    0.0126
3.55    0.1 0.0045
3.55    1.2 0.0011
3.55    1.25    0.0024
3.55    1.3 0.0026
3.55    1.35    0.0015
3.6 -1.4    0.0016
3.6 -1.35   0.005
3.6 -1.3    0.0078
3.6 -1.25   0.0067
3.6 -1.2    0.0026
3.6 -0.4    0.0012
3.6 -0.25   0.0031
3.6 -0.2    0.0016
3.6 -0.15   0.0012
3.6 -0.1    0.0171
3.6 -0.05   0.0474
3.6 0   0.0625
3.6 0.05    0.0458
3.6 0.1 0.016
3.6 0.2 0.0012
3.6 0.25    0.0024
3.6 1.05    0.001
3.6 1.2 0.0033
3.6 1.25    0.008
3.6 1.3 0.0091
3.6 1.35    0.0057
3.6 1.4 0.0017
3.65    -1.4    0.0019
3.65    -1.35   0.0061
3.65    -1.3    0.0095
3.65    -1.25   0.0082
3.65    -1.2    0.0032
3.65    -0.4    0.0014
3.65    -0.25   0.0035
3.65    -0.2    0.0019
3.65    -0.15   0.0011
3.65    -0.1    0.0206
3.65    -0.05   0.057
3.65    0   0.0765
3.65    0.05    0.0558
3.65    0.1 0.0194
3.65    0.15    0.0012
3.65    0.2 0.0017
3.65    0.25    0.003
3.65    0.4 0.0011
3.65    1.05    0.0012
3.65    1.2 0.0039
3.65    1.25    0.0097
3.65    1.3 0.0112
3.65    1.35    0.0069
3.65    1.4 0.0021
3.7 -1.35   0.0026
3.7 -1.3    0.0041
3.7 -1.25   0.0035
3.7 -1.2    0.0014
3.7 -0.25   0.0016
3.7 -0.1    0.0087
3.7 -0.05   0.0249
3.7 0   0.0328
3.7 0.05    0.0239
3.7 0.1 0.0081
3.7 0.25    0.0013
3.7 1.2 0.0017
3.7 1.25    0.0042
3.7 1.3 0.0048
3.7 1.35    0.003
3.8 -1.35   0.0033
3.8 -1.3    0.0054
3.8 -1.25   0.0046
3.8 -1.2    0.0018
3.8 -0.25   0.0018
3.8 -0.2    0.0011
3.8 -0.1    0.0102
3.8 -0.05   0.0313
3.8 0   0.0431
3.8 0.05    0.0317
3.8 0.1 0.011
3.8 0.2 0.0011
3.8 0.25    0.0018
3.8 1.2 0.002
3.8 1.25    0.0053
3.8 1.3 0.0062
3.8 1.35    0.004
3.8 1.4 0.0011
3.85    -1.4    0.0025
3.85    -1.35   0.0086
3.85    -1.3    0.0138
3.85    -1.25   0.0118
3.85    -1.2    0.0046
3.85    -1.05   0.0013
3.85    -0.4    0.0018
3.85    -0.25   0.0047
3.85    -0.2    0.0029
3.85    -0.15   0.0012
3.85    -0.1    0.0273
3.85    -0.05   0.0801
3.85    0   0.1099
3.85    0.05    0.0801
3.85    0.1 0.0278
3.85    0.15    0.0013
3.85    0.2 0.0028
3.85    0.25    0.0045
3.85    0.4 0.002
3.85    0.55    0.0012
3.85    0.6 0.001
3.85    1.05    0.0015
3.85    1.2 0.0053
3.85    1.25    0.0136
3.85    1.3 0.0159
3.85    1.35    0.0099
3.85    1.4 0.0029
3.9 -1.4    0.0022
3.9 -1.35   0.0075
3.9 -1.3    0.0118
3.9 -1.25   0.0102
3.9 -1.2    0.004
3.9 -1.05   0.0011
3.9 -0.4    0.0016
3.9 -0.25   0.0042
3.9 -0.2    0.0024
3.9 -0.15   0.0015
3.9 -0.1    0.0238
3.9 -0.05   0.0695
3.9 0   0.0943
3.9 0.05    0.0693
3.9 0.1 0.0236
3.9 0.15    0.0014
3.9 0.2 0.0023
3.9 0.25    0.0039
3.9 0.4 0.0017
3.9 1.05    0.0014
3.9 1.2 0.0046
3.9 1.25    0.0117
3.9 1.3 0.0137
3.9 1.35    0.0086
3.9 1.4 0.0025
3.95    -1.35   0.0014
3.95    -1.3    0.0021
3.95    -1.25   0.0017
3.95    -0.1    0.0045
3.95    -0.05   0.0126
3.95    0   0.0167
3.95    0.05    0.0118
3.95    0.1 0.0041
3.95    1.25    0.0021
3.95    1.3 0.0024
3.95    1.35    0.0015
4   -1.35   0.002
4   -1.3    0.0032
4   -1.25   0.0027
4   -1.2    0.0011
4   -0.1    0.0053
4   -0.05   0.0172
4   0   0.0248
4   0.05    0.0184
4   0.1 0.0064
4   0.25    0.0013
4   1.2 0.0011
4   1.25    0.0029
4   1.3 0.0036
4   1.35    0.0023
4.05    -1.4    0.0037
4.05    -1.35   0.0136
4.05    -1.3    0.0221
4.05    -1.25   0.019
4.05    -1.2    0.0076
4.05    -1.1    0.0014
4.05    -1.05   0.0023
4.05    -0.9    0.0016
4.05    -0.75   0.0015
4.05    -0.7    0.0013
4.05    -0.55   0.0015
4.05    -0.45   0.0012
4.05    -0.4    0.0031
4.05    -0.3    0.0013
4.05    -0.25   0.0072
4.05    -0.2    0.0051
4.05    -0.15   0.0017
4.05    -0.1    0.0406
4.05    -0.05   0.1255
4.05    0   0.1745
4.05    0.05    0.1289
4.05    0.1 0.045
4.05    0.15    0.0019
4.05    0.2 0.0053
4.05    0.25    0.0081
4.05    0.3 0.0017
4.05    0.4 0.0034
4.05    0.45    0.0014
4.05    0.55    0.002
4.05    0.6 0.0017
4.05    0.75    0.0012
4.05    0.9 0.0017
4.05    1.05    0.0024
4.05    1.1 0.0015
4.05    1.2 0.0078
4.05    1.25    0.0212
4.05    1.3 0.0252
4.05    1.35    0.0159
4.05    1.4 0.0047
4.1 -2.6    0.0011
4.1 -1.4    0.0061
4.1 -1.35   0.0218
4.1 -1.3    0.0353
4.1 -1.25   0.0303
4.1 -1.2    0.0116
4.1 -1.1    0.0022
4.1 -1.05   0.0037
4.1 -0.9    0.0024
4.1 -0.85   0.0012
4.1 -0.75   0.0019
4.1 -0.7    0.0017
4.1 -0.6    0.0016
4.1 -0.55   0.0023
4.1 -0.45   0.002
4.1 -0.4    0.0049
4.1 -0.35   0.0014
4.1 -0.3    0.0021
4.1 -0.25   0.012
4.1 -0.2    0.008
4.1 -0.15   0.0028
4.1 -0.1    0.066
4.1 -0.05   0.2014
4.1 0   0.2787
4.1 0.05    0.2056
4.1 0.1 0.0695
4.1 0.15    0.0037
4.1 0.2 0.0081
4.1 0.25    0.013
4.1 0.3 0.0025
4.1 0.35    0.0014
4.1 0.4 0.0054
4.1 0.45    0.0024
4.1 0.55    0.0026
4.1 0.6 0.0021
4.1 0.7 0.0014
4.1 0.75    0.0019
4.1 0.85    0.0011
4.1 0.9 0.0026
4.1 1.05    0.0039
4.1 1.1 0.0024
4.1 1.2 0.0129
4.1 1.25    0.034
4.1 1.3 0.0404
4.1 1.35    0.0254
4.1 1.4 0.0074
4.15    -1.4    0.0033
4.15    -1.35   0.0121
4.15    -1.3    0.0196
4.15    -1.25   0.0168
4.15    -1.2    0.0067
4.15    -1.1    0.0012
4.15    -1.05   0.002
4.15    -0.9    0.0014
4.15    -0.55   0.0012
4.15    -0.45   0.0012
4.15    -0.4    0.0027
4.15    -0.3    0.0014
4.15    -0.25   0.0067
4.15    -0.2    0.0044
4.15    -0.15   0.0016
4.15    -0.1    0.0387
4.15    -0.05   0.1119
4.15    0   0.1537
4.15    0.05    0.1111
4.15    0.1 0.0393
4.15    0.15    0.0015
4.15    0.2 0.0046
4.15    0.25    0.0068
4.15    0.3 0.0014
4.15    0.4 0.0029
4.15    0.45    0.0014
4.15    0.55    0.0012
4.15    0.9 0.0014
4.15    1.05    0.0022
4.15    1.1 0.0013
4.15    1.2 0.007
4.15    1.25    0.0189
4.15    1.3 0.0222
4.15    1.35    0.0137
4.15    1.4 0.0041
4.2 -0.05   0.0011
4.2 0   0.0058
4.2 0.05    0.0027
4.25    -2.65   0.0012
4.25    -2.6    0.0016
4.25    -2.55   0.0011
4.25    -1.4    0.0088
4.25    -1.35   0.0311
4.25    -1.3    0.0514
4.25    -1.25   0.0434
4.25    -1.2    0.0166
4.25    -1.1    0.0033
4.25    -1.05   0.0053
4.25    -1  0.001
4.25    -0.9    0.0038
4.25    -0.85   0.0019
4.25    -0.75   0.0032
4.25    -0.7    0.0026
4.25    -0.6    0.0024
4.25    -0.55   0.0036
4.25    -0.45   0.0028
4.25    -0.4    0.0072
4.25    -0.35   0.0021
4.25    -0.3    0.003
4.25    -0.25   0.0168
4.25    -0.2    0.0119
4.25    -0.15   0.0041
4.25    -0.1    0.0949
4.25    -0.05   0.287
4.25    0   0.4033
4.25    0.05    0.2951
4.25    0.1 0.0971
4.25    0.15    0.0036
4.25    0.2 0.0119
4.25    0.25    0.0184
4.25    0.3 0.0033
4.25    0.35    0.0021
4.25    0.4 0.0082
4.25    0.45    0.0039
4.25    0.55    0.0043
4.25    0.6 0.0034
4.25    0.7 0.0021
4.25    0.75    0.0029
4.25    0.85    0.0016
4.25    0.9 0.0038
4.25    0.95    0.0011
4.25    1.05    0.0056
4.25    1.1 0.0036
4.25    1.2 0.0181
4.25    1.25    0.0487
4.25    1.3 0.0577
4.25    1.35    0.0357
4.25    1.4 0.0103
4.3 -2.7    0.0017
4.3 -2.65   0.005
4.3 -2.6    0.0068
4.3 -2.55   0.0049
4.3 -2.5    0.0015
4.3 -1.55   0.0033
4.3 -1.5    0.0025
4.3 -1.45   0.0016
4.3 -1.4    0.0368
4.3 -1.35   0.1312
4.3 -1.3    0.2156
4.3 -1.25   0.1854
4.3 -1.2    0.0703
4.3 -1.15   0.0042
4.3 -1.1    0.0139
4.3 -1.05   0.0227
4.3 -1  0.0043
4.3 -0.95   0.0039
4.3 -0.9    0.016
4.3 -0.85   0.0081
4.3 -0.8    0.0013
4.3 -0.75   0.0107
4.3 -0.7    0.0093
4.3 -0.6    0.0105
4.3 -0.55   0.015
4.3 -0.5    0.0011
4.3 -0.45   0.0121
4.3 -0.4    0.0301
4.3 -0.35   0.0082
4.3 -0.3    0.0123
4.3 -0.25   0.0721
4.3 -0.2    0.05
4.3 -0.15   0.017
4.3 -0.1    0.4007
4.3 -0.05   1.2078
4.3 0   1.6808
4.3 0.05    1.2479
4.3 0.1 0.4143
4.3 0.15    0.0178
4.3 0.2 0.0494
4.3 0.25    0.0795
4.3 0.3 0.0159
4.3 0.35    0.0093
4.3 0.4 0.0347
4.3 0.45    0.0163
4.3 0.5 0.002
4.3 0.55    0.0148
4.3 0.6 0.0119
4.3 0.7 0.0093
4.3 0.75    0.0124
4.3 0.85    0.007
4.3 0.9 0.0157
4.3 0.95    0.0043
4.3 1   0.0044
4.3 1.05    0.0234
4.3 1.1 0.0146
4.3 1.15    0.0024
4.3 1.2 0.0783
4.3 1.25    0.2039
4.3 1.3 0.2443
4.3 1.35    0.1522
4.3 1.4 0.0436
4.3 1.45    0.0018
4.3 1.5 0.003
4.3 1.55    0.0041
4.35    -2.7    0.0035
4.35    -2.65   0.0103
4.35    -2.6    0.014
4.35    -2.55   0.0099
4.35    -2.5    0.0031
4.35    -1.7    0.0012
4.35    -1.6    0.0011
4.35    -1.55   0.0069
4.35    -1.5    0.0054
4.35    -1.45   0.0032
4.35    -1.4    0.0778
4.35    -1.35   0.2718
4.35    -1.3    0.4405
4.35    -1.25   0.3748
4.35    -1.2    0.1454
4.35    -1.15   0.0054
4.35    -1.1    0.0282
4.35    -1.05   0.0455
4.35    -1  0.0095
4.35    -0.95   0.0075
4.35    -0.9    0.0326
4.35    -0.85   0.0169
4.35    -0.8    0.0016
4.35    -0.75   0.0201
4.35    -0.7    0.0164
4.35    -0.65   0.0011
4.35    -0.6    0.0229
4.35    -0.55   0.0306
4.35    -0.5    0.0027
4.35    -0.45   0.0251
4.35    -0.4    0.0627
4.35    -0.35   0.0161
4.35    -0.3    0.0282
4.35    -0.25   0.1501
4.35    -0.2    0.1003
4.35    -0.15   0.0393
4.35    -0.1    0.8309
4.35    -0.05   2.4996
4.35    0   3.4386
4.35    0.05    2.5233
4.35    0.1 0.8583
4.35    0.15    0.0283
4.35    0.2 0.1039
4.35    0.25    0.1591
4.35    0.3 0.031
4.35    0.35    0.0172
4.35    0.4 0.0701
4.35    0.45    0.0339
4.35    0.5 0.0019
4.35    0.55    0.0272
4.35    0.6 0.0211
4.35    0.7 0.0204
4.35    0.75    0.025
4.35    0.8 0.0024
4.35    0.85    0.0139
4.35    0.9 0.0325
4.35    0.95    0.0084
4.35    1   0.0095
4.35    1.05    0.0491
4.35    1.1 0.0298
4.35    1.15    0.0079
4.35    1.2 0.1606
4.35    1.25    0.4219
4.35    1.3 0.4965
4.35    1.35    0.3113
4.35    1.4 0.0885
4.35    1.45    0.0038
4.35    1.5 0.0063
4.35    1.55    0.0083
4.35    1.6 0.0013
4.35    1.7 0.0015
4.4 -2.7    0.0046
4.4 -2.65   0.0138
4.4 -2.6    0.0187
4.4 -2.55   0.0133
4.4 -2.5    0.004
4.4 -1.7    0.0016
4.4 -1.6    0.0014
4.4 -1.55   0.0093
4.4 -1.5    0.007
4.4 -1.45   0.0046
4.4 -1.4    0.1019
4.4 -1.35   0.3647
4.4 -1.3    0.5872
4.4 -1.25   0.5058
4.4 -1.2    0.193
4.4 -1.15   0.0087
4.4 -1.1    0.0371
4.4 -1.05   0.0628
4.4 -1  0.0125
4.4 -0.95   0.0108
4.4 -0.9    0.044
4.4 -0.85   0.0233
4.4 -0.8    0.002
4.4 -0.75   0.0239
4.4 -0.7    0.0201
4.4 -0.65   0.0012
4.4 -0.6    0.032
4.4 -0.55   0.0413
4.4 -0.5    0.0025
4.4 -0.45   0.0343
4.4 -0.4    0.0813
4.4 -0.35   0.0223
4.4 -0.3    0.0354
4.4 -0.25   0.2006
4.4 -0.2    0.1329
4.4 -0.15   0.043
4.4 -0.1    1.1088
4.4 -0.05   3.337
4.4 0   4.6066
4.4 0.05    3.4046
4.4 0.1 1.1486
4.4 0.15    0.0611
4.4 0.2 0.1394
4.4 0.25    0.2183
4.4 0.3 0.0416
4.4 0.35    0.0236
4.4 0.4 0.0961
4.4 0.45    0.047
4.4 0.5 0.0026
4.4 0.55    0.0327
4.4 0.6 0.0259
4.4 0.65    0.0016
4.4 0.7 0.0282
4.4 0.75    0.0343
4.4 0.8 0.0024
4.4 0.85    0.0191
4.4 0.9 0.0426
4.4 0.95    0.011
4.4 1   0.0126
4.4 1.05    0.0651
4.4 1.1 0.0404
4.4 1.15    0.0063
4.4 1.2 0.2142
4.4 1.25    0.5628
4.4 1.3 0.6681
4.4 1.35    0.4178
4.4 1.4 0.1224
4.4 1.45    0.0053
4.4 1.5 0.0085
4.4 1.55    0.0112
4.4 1.6 0.002
4.4 1.7 0.0021
4.45    -2.7    0.0045
4.45    -2.65   0.0133
4.45    -2.6    0.0182
4.45    -2.55   0.0128
4.45    -2.5    0.004
4.45    -1.7    0.0015
4.45    -1.6    0.0014
4.45    -1.55   0.0088
4.45    -1.5    0.0069
4.45    -1.45   0.0044
4.45    -1.4    0.0987
4.45    -1.35   0.349
4.45    -1.3    0.5673
4.45    -1.25   0.4818
4.45    -1.2    0.1868
4.45    -1.15   0.0065
4.45    -1.1    0.0362
4.45    -1.05   0.0591
4.45    -1  0.0124
4.45    -0.95   0.0096
4.45    -0.9    0.0426
4.45    -0.85   0.0234
4.45    -0.8    0.0011
4.45    -0.75   0.0209
4.45    -0.7    0.0169
4.45    -0.65   0.0019
4.45    -0.6    0.0329
4.45    -0.55   0.0407
4.45    -0.5    0.0037
4.45    -0.45   0.033
4.45    -0.4    0.0805
4.45    -0.35   0.021
4.45    -0.3    0.0371
4.45    -0.25   0.1924
4.45    -0.2    0.1279
4.45    -0.15   0.0498
4.45    -0.1    1.0559
4.45    -0.05   3.2094
4.45    0   4.414
4.45    0.05    3.2333
4.45    0.1 1.094
4.45    0.15    0.0391
4.45    0.2 0.1351
4.45    0.25    0.2065
4.45    0.3 0.0401
4.45    0.35    0.0222
4.45    0.4 0.0915
4.45    0.45    0.0469
4.45    0.55    0.0281
4.45    0.6 0.0219
4.45    0.65    0.0016
4.45    0.7 0.0295
4.45    0.75    0.0333
4.45    0.8 0.0031
4.45    0.85    0.0182
4.45    0.9 0.0416
4.45    0.95    0.0108
4.45    1   0.0123
4.45    1.05    0.0634
4.45    1.1 0.0384
4.45    1.15    0.0096
4.45    1.2 0.2046
4.45    1.25    0.5407
4.45    1.3 0.6364
4.45    1.35    0.4
4.45    1.4 0.114
4.45    1.45    0.0047
4.45    1.5 0.008
4.45    1.55    0.0109
4.45    1.6 0.0017
4.45    1.7 0.002
4.5 -2.7    0.0031
4.5 -2.65   0.0091
4.5 -2.6    0.0124
4.5 -2.55   0.0088
4.5 -2.5    0.0027
4.5 -1.7    0.001
4.5 -1.55   0.0061
4.5 -1.5    0.0046
4.5 -1.45   0.003
4.5 -1.4    0.0673
4.5 -1.35   0.2396
4.5 -1.3    0.3858
4.5 -1.25   0.333
4.5 -1.2    0.1276
4.5 -1.15   0.0065
4.5 -1.1    0.0244
4.5 -1.05   0.0418
4.5 -1  0.0087
4.5 -0.95   0.0069
4.5 -0.9    0.0296
4.5 -0.85   0.0167
4.5 -0.75   0.0122
4.5 -0.7    0.0102
4.5 -0.65   0.0018
4.5 -0.6    0.0243
4.5 -0.55   0.0291
4.5 -0.5    0.0015
4.5 -0.45   0.0232
4.5 -0.4    0.0542
4.5 -0.35   0.0145
4.5 -0.3    0.0241
4.5 -0.25   0.1313
4.5 -0.2    0.0872
4.5 -0.15   0.0282
4.5 -0.1    0.7216
4.5 -0.05   2.1822
4.5 0   3.0186
4.5 0.05    2.2211
4.5 0.1 0.7456
4.5 0.15    0.0373
4.5 0.2 0.0915
4.5 0.25    0.1436
4.5 0.3 0.0287
4.5 0.35    0.015
4.5 0.4 0.0645
4.5 0.45    0.0337
4.5 0.5 0.0013
4.5 0.55    0.0164
4.5 0.6 0.0129
4.5 0.65    0.0018
4.5 0.7 0.0217
4.5 0.75    0.0242
4.5 0.8 0.0017
4.5 0.85    0.0129
4.5 0.9 0.0285
4.5 0.95    0.0071
4.5 1   0.0081
4.5 1.05    0.0425
4.5 1.1 0.0267
4.5 1.15    0.0048
4.5 1.2 0.1379
4.5 1.25    0.3677
4.5 1.3 0.4373
4.5 1.35    0.2717
4.5 1.4 0.0802
4.5 1.45    0.0035
4.5 1.5 0.0056
4.5 1.55    0.0074
4.5 1.6 0.0013
4.5 1.7 0.0014
4.55    -2.7    0.0014
4.55    -2.65   0.0041
4.55    -2.6    0.0056
4.55    -2.55   0.004
4.55    -2.5    0.0012
4.55    -1.55   0.0027
4.55    -1.5    0.0021
4.55    -1.45   0.0013
4.55    -1.4    0.0321
4.55    -1.35   0.1077
4.55    -1.3    0.175
4.55    -1.25   0.1511
4.55    -1.2    0.0583
4.55    -1.15   0.0019
4.55    -1.1    0.0114
4.55    -1.05   0.0188
4.55    -1  0.0039
4.55    -0.95   0.003
4.55    -0.9    0.0134
4.55    -0.85   0.0078
4.55    -0.75   0.0045
4.55    -0.7    0.0038
4.55    -0.65   0.0018
4.55    -0.6    0.0128
4.55    -0.55   0.0138
4.55    -0.5    0.0013
4.55    -0.45   0.0103
4.55    -0.4    0.0252
4.55    -0.35   0.0063
4.55    -0.3    0.0122
4.55    -0.25   0.0599
4.55    -0.2    0.0393
4.55    -0.15   0.0193
4.55    -0.1    0.3412
4.55    -0.05   0.9923
4.55    0   1.3621
4.55    0.05    1.0172
4.55    0.1 0.3317
4.55    0.15    0.0126
4.55    0.2 0.0426
4.55    0.25    0.0653
4.55    0.3 0.0126
4.55    0.35    0.007
4.55    0.4 0.0286
4.55    0.45    0.0156
4.55    0.55    0.0058
4.55    0.6 0.0044
4.55    0.65    0.0016
4.55    0.7 0.0115
4.55    0.75    0.0116
4.55    0.8 0.001
4.55    0.85    0.0059
4.55    0.9 0.013
4.55    0.95    0.0033
4.55    1   0.0036
4.55    1.05    0.0197
4.55    1.1 0.0115
4.55    1.15    0.0038
4.55    1.2 0.063
4.55    1.25    0.1668
4.55    1.3 0.197
4.55    1.35    0.1216
4.55    1.4 0.035
4.55    1.45    0.0016
4.55    1.5 0.0024
4.55    1.55    0.0033
4.6 -2.6    0.0012
4.6 -1.4    0.0067
4.6 -1.35   0.0231
4.6 -1.3    0.0377
4.6 -1.25   0.0323
4.6 -1.2    0.0124
4.6 -1.1    0.0023
4.6 -1.05   0.0041
4.6 -0.9    0.003
4.6 -0.85   0.0019
4.6 -0.65   0.0011
4.6 -0.6    0.0038
4.6 -0.55   0.0036
4.6 -0.45   0.0023
4.6 -0.4    0.0056
4.6 -0.35   0.0015
4.6 -0.3    0.0024
4.6 -0.25   0.0126
4.6 -0.2    0.0082
4.6 -0.15   0.0026
4.6 -0.1    0.0723
4.6 -0.05   0.2133
4.6 0   0.2947
4.6 0.05    0.2184
4.6 0.1 0.0734
4.6 0.15    0.0041
4.6 0.2 0.009
4.6 0.25    0.0139
4.6 0.3 0.003
4.6 0.35    0.0012
4.6 0.4 0.0064
4.6 0.45    0.0038
4.6 0.65    0.0012
4.6 0.7 0.0035
4.6 0.75    0.003
4.6 0.85    0.0013
4.6 0.9 0.003
4.6 1.05    0.0041
4.6 1.1 0.0025
4.6 1.2 0.0138
4.6 1.25    0.0358
4.6 1.3 0.0427
4.6 1.35    0.0274
4.6 1.4 0.0079
4.65    -0.05   0.0014
4.65    0   0.0021
4.7 -1.4    0.0023
4.7 -1.35   0.0083
4.7 -1.3    0.0133
4.7 -1.25   0.0115
4.7 -1.2    0.0044
4.7 -1.05   0.0015
4.7 -0.9    0.0011
4.7 -0.75   0.0012
4.7 -0.7    0.0013
4.7 -0.4    0.0016
4.7 -0.25   0.0044
4.7 -0.2    0.0028
4.7 -0.1    0.0247
4.7 -0.05   0.0741
4.7 0   0.1035
4.7 0.05    0.0763
4.7 0.1 0.0259
4.7 0.15    0.0013
4.7 0.2 0.0035
4.7 0.25    0.0052
4.7 0.4 0.0024
4.7 0.45    0.0011
4.7 0.55    0.0017
4.7 0.6 0.0017
4.7 1.05    0.0014
4.7 1.2 0.0049
4.7 1.25    0.0125
4.7 1.3 0.015
4.7 1.35    0.0093
4.7 1.4 0.0026
4.75    -1.4    0.0041
4.75    -1.35   0.0139
4.75    -1.3    0.0226
4.75    -1.25   0.0194
4.75    -1.2    0.0074
4.75    -1.1    0.0015
4.75    -1.05   0.0025
4.75    -0.9    0.0019
4.75    -0.85   0.0011
4.75    -0.75   0.0011
4.75    -0.7    0.0012
4.75    -0.55   0.0011
4.75    -0.45   0.0013
4.75    -0.4    0.0029
4.75    -0.3    0.0014
4.75    -0.25   0.0074
4.75    -0.2    0.0046
4.75    -0.15   0.0022
4.75    -0.1    0.0423
4.75    -0.05   0.1275
4.75    0   0.1749
4.75    0.05    0.1292
4.75    0.1 0.0431
4.75    0.15    0.0018
4.75    0.2 0.0057
4.75    0.25    0.0088
4.75    0.3 0.0017
4.75    0.4 0.004
4.75    0.45    0.0022
4.75    0.55    0.0015
4.75    0.6 0.0015
4.75    0.9 0.0015
4.75    1.05    0.0024
4.75    1.1 0.0014
4.75    1.2 0.0081
4.75    1.25    0.0213
4.75    1.3 0.0252
4.75    1.35    0.0159
4.75    1.4 0.0045
4.8 -1.4    0.0025
4.8 -1.35   0.0084
4.8 -1.3    0.0138
4.8 -1.25   0.0119
4.8 -1.2    0.0047
4.8 -1.05   0.0016
4.8 -0.9    0.0012
4.8 -0.4    0.0017
4.8 -0.25   0.0042
4.8 -0.2    0.0025
4.8 -0.15   0.0012
4.8 -0.1    0.0262
4.8 -0.05   0.0773
4.8 0   0.1073
4.8 0.05    0.0787
4.8 0.1 0.0264
4.8 0.15    0.0013
4.8 0.2 0.0034
4.8 0.25    0.0053
4.8 0.3 0.0011
4.8 0.4 0.0025
4.8 0.45    0.0015
4.8 1.05    0.0013
4.8 1.2 0.0053
4.8 1.25    0.0131
4.8 1.3 0.0156
4.8 1.35    0.0098
4.8 1.4 0.0028
4.85    -1.35   0.0015
4.85    -1.3    0.0023
4.85    -1.25   0.002
4.85    -0.1    0.0052
4.85    -0.05   0.0135
4.85    0   0.0182
4.85    0.05    0.0146
4.85    0.1 0.0048
4.85    1.25    0.0023
4.85    1.3 0.0027
4.85    1.35    0.0018
4.9 -0.05   0.0031
4.9 0   0.0046
4.9 0.05    0.0033
4.95    -1.35   0.0028
4.95    -1.3    0.0046
4.95    -1.25   0.0038
4.95    -1.2    0.0014
4.95    -0.25   0.002
4.95    -0.2    0.0015
4.95    -0.1    0.0076
4.95    -0.05   0.0251
4.95    0   0.0351
4.95    0.05    0.026
4.95    0.1 0.0083
4.95    0.2 0.0015
4.95    0.25    0.002
4.95    1.2 0.0014
4.95    1.25    0.0042
4.95    1.3 0.005
4.95    1.35    0.0031
5   -1.35   0.0034
5   -1.3    0.0055
5   -1.25   0.0048
5   -1.2    0.0018
5   -0.25   0.0022
5   -0.2    0.0017
5   -0.1    0.0094
5   -0.05   0.0303
5   0   0.0431
5   0.05    0.0318
5   0.1 0.0106
5   0.2 0.0017
5   0.25    0.0024
5   0.4 0.0011
5   1.2 0.0018
5   1.25    0.005
5   1.3 0.0062
5   1.35    0.0039
5   1.4 0.0011
5.05    -1.35   0.0015
5.05    -1.3    0.0025
5.05    -1.25   0.0022
5.05    -0.1    0.0039
5.05    -0.05   0.0134
5.05    0   0.019
5.05    0.05    0.0146
5.05    0.1 0.005
5.05    0.25    0.0011
5.05    1.25    0.0022
5.05    1.3 0.0028
5.05    1.35    0.0018
5.1 0   0.0011
5.15    -1.3    0.0011
5.15    -0.1    0.0025
5.15    -0.05   0.007
5.15    0   0.0087
5.15    0.05    0.0058
5.15    0.1 0.0017
5.15    1.25    0.0012
5.15    1.3 0.0013
5.2 -1.35   0.0021
5.2 -1.3    0.0033
5.2 -1.25   0.0027
5.2 -0.25   0.0013
5.2 -0.1    0.0067
5.2 -0.05   0.0192
5.2 0   0.0257
5.2 0.05    0.0176
5.2 0.1 0.0053
5.2 0.25    0.0012
5.2 1.2 0.0013
5.2 1.25    0.0032
5.2 1.3 0.0037
5.2 1.35    0.0022
5.25    -1.35   0.0024
5.25    -1.3    0.0038
5.25    -1.25   0.0031
5.25    -1.2    0.0011
5.25    -0.25   0.0015
5.25    -0.1    0.0075
5.25    -0.05   0.022
5.25    0   0.0291
5.25    0.05    0.0205
5.25    0.1 0.0063
5.25    0.2 0.0011
5.25    0.25    0.0014
5.25    1.2 0.0014
5.25    1.25    0.0037
5.25    1.3 0.0042
5.25    1.35    0.0025
5.3 -1.35   0.0015
5.3 -1.3    0.0024
5.3 -1.25   0.002
5.3 -0.1    0.005
5.3 -0.05   0.0141
5.3 0   0.0188
5.3 0.05    0.0132
5.3 0.1 0.0043
5.3 1.25    0.0024
5.3 1.3 0.0027
5.3 1.35    0.0017
5.35    -0.1    0.0018
5.35    -0.05   0.0052
5.35    0   0.0068
5.35    0.05    0.0049
5.35    0.1 0.0017
5.4 0   0.0012
5.7 0   0.0014
5.7 0.05    0.001
5.75    0   0.0013
5.75    0.05    0.001
6.1 0   0.0013
6.15    -0.05   0.0012
6.15    0   0.0017
6.15    0.05    0.0013
6.2 0   0.0014
6.2 0.05    0.0011
6.55    0   0.0012
6.6 0   0.001
6.75    -0.05   0.0011
6.75    0   0.0015
6.75    0.05    0.0011
6.8 -0.05   0.0016
6.8 0   0.0022
6.8 0.05    0.0016
6.85    0   0.0011
6.95    -0.05   0.001
6.95    0   0.0014
7   -0.05   0.0026
7   0   0.0035
7   0.05    0.0025
7.05    -0.05   0.0021
7.05    0   0.0028
7.05    0.05    0.002
7.15    -0.05   0.0015
7.15    0   0.0018
7.15    0.05    0.0013
7.2 -0.1    0.0021
7.2 -0.05   0.0058
7.2 0   0.0075
7.2 0.05    0.0054
7.2 0.1 0.0019
7.2 1.3 0.0011
7.25    -1.3    0.0013
7.25    -1.25   0.0011
7.25    -0.1    0.0028
7.25    -0.05   0.0077
7.25    0   0.01
7.25    0.05    0.0073
7.25    0.1 0.0025
7.25    1.25    0.0013
7.25    1.3 0.0014
7.3 -0.1    0.0014
7.3 -0.05   0.0038
7.3 0   0.0049
7.3 0.05    0.0035
7.3 0.1 0.0013
7.4 -0.1    0.0014
7.4 -0.05   0.0044
7.4 0   0.0059
7.4 0.05    0.0043
7.4 0.1 0.0015
7.45    -1.35   0.0014
7.45    -1.3    0.0023
7.45    -1.25   0.0019
7.45    -0.1    0.0042
7.45    -0.05   0.0125
7.45    0   0.017
7.45    0.05    0.0122
7.45    0.1 0.004
7.45    1.25    0.0021
7.45    1.3 0.0024
7.45    1.35    0.0015
7.5 -1.35   0.0014
7.5 -1.3    0.0022
7.5 -1.25   0.0018
7.5 -0.1    0.004
7.5 -0.05   0.012
7.5 0   0.0162
7.5 0.05    0.0116
7.5 0.1 0.0039
7.5 1.25    0.002
7.5 1.3 0.0023
7.5 1.35    0.0014
7.55    -0.05   0.0025
7.55    0   0.0034
7.55    0.05    0.0023
7.6 -0.05   0.0027
7.6 0   0.0039
7.6 0.05    0.0028
7.65    -1.35   0.0026
7.65    -1.3    0.0042
7.65    -1.25   0.0036
7.65    -1.2    0.0013
7.65    -0.25   0.0014
7.65    -0.1    0.0076
7.65    -0.05   0.0229
7.65    0   0.0313
7.65    0.05    0.0229
7.65    0.1 0.0075
7.65    0.25    0.0013
7.65    1.2 0.0014
7.65    1.25    0.0038
7.65    1.3 0.0044
7.65    1.35    0.0027
7.7 -1.4    0.0013
7.7 -1.35   0.0046
7.7 -1.3    0.0074
7.7 -1.25   0.0063
7.7 -1.2    0.0023
7.7 -0.4    0.0011
7.7 -0.25   0.0025
7.7 -0.2    0.0017
7.7 -0.1    0.0135
7.7 -0.05   0.0399
7.7 0   0.055
7.7 0.05    0.0397
7.7 0.1 0.0132
7.7 0.2 0.0016
7.7 0.25    0.0022
7.7 1.2 0.0025
7.7 1.25    0.0065
7.7 1.3 0.0077
7.7 1.35    0.0048
7.7 1.4 0.0014
7.75    -1.35   0.0028
7.75    -1.3    0.0044
7.75    -1.25   0.0037
7.75    -1.2    0.0014
7.75    -0.25   0.0015
7.75    -0.2    0.001
7.75    -0.1    0.0079
7.75    -0.05   0.024
7.75    0   0.0323
7.75    0.05    0.0235
7.75    0.1 0.0076
7.75    0.25    0.0013
7.75    1.2 0.0015
7.75    1.25    0.0039
7.75    1.3 0.0046
7.75    1.35    0.0028
7.85    -1.4    0.0021
7.85    -1.35   0.0077
7.85    -1.3    0.012
7.85    -1.25   0.0101
7.85    -1.2    0.0039
7.85    -1.05   0.0011
7.85    -0.75   0.0011
7.85    -0.4    0.0017
7.85    -0.25   0.004
7.85    -0.2    0.0027
7.85    -0.1    0.0214
7.85    -0.05   0.066
7.85    0   0.0889
7.85    0.05    0.0655
7.85    0.1 0.0214
7.85    0.2 0.0025
7.85    0.25    0.0038
7.85    0.4 0.0013
7.85    0.55    0.0014
7.85    1.05    0.0013
7.85    1.2 0.004
7.85    1.25    0.0106
7.85    1.3 0.0124
7.85    1.35    0.0078
7.85    1.4 0.0022
7.9 -2.65   0.0014
7.9 -2.6    0.0019
7.9 -2.55   0.0013
7.9 -1.4    0.0101
7.9 -1.35   0.0342
7.9 -1.3    0.0549
7.9 -1.25   0.0463
7.9 -1.2    0.0171
7.9 -1.1    0.0033
7.9 -1.05   0.0051
7.9 -0.9    0.0029
7.9 -0.75   0.0043
7.9 -0.7    0.0029
7.9 -0.6    0.0033
7.9 -0.55   0.0045
7.9 -0.45   0.0033
7.9 -0.4    0.008
7.9 -0.35   0.0022
7.9 -0.3    0.0033
7.9 -0.25   0.0183
7.9 -0.2    0.0125
7.9 -0.15   0.0043
7.9 -0.1    0.0985
7.9 -0.05   0.2955
7.9 0   0.4052
7.9 0.05    0.2894
7.9 0.1 0.0979
7.9 0.15    0.0033
7.9 0.2 0.0115
7.9 0.25    0.0169
7.9 0.3 0.003
7.9 0.35    0.0018
7.9 0.4 0.006
7.9 0.45    0.0018
7.9 0.5 0.0011
7.9 0.55    0.0057
7.9 0.6 0.0037
7.9 0.7 0.0028
7.9 0.75    0.0035
7.9 0.85    0.0017
7.9 0.9 0.0041
7.9 0.95    0.0011
7.9 1   0.0011
7.9 1.05    0.0058
7.9 1.1 0.0036
7.9 1.2 0.0182
7.9 1.25    0.0483
7.9 1.3 0.0565
7.9 1.35    0.0344
7.9 1.4 0.01
7.95    -2.7    0.001
7.95    -2.65   0.003
7.95    -2.6    0.004
7.95    -2.55   0.0028
7.95    -1.55   0.002
7.95    -1.5    0.0015
7.95    -1.4    0.021
7.95    -1.35   0.0739
7.95    -1.3    0.1171
7.95    -1.25   0.0997
7.95    -1.2    0.0371
7.95    -1.15   0.0016
7.95    -1.1    0.0072
7.95    -1.05   0.0112
7.95    -1  0.002
7.95    -0.95   0.0019
7.95    -0.9    0.0065
7.95    -0.85   0.002
7.95    -0.8    0.0014
7.95    -0.75   0.0084
7.95    -0.7    0.0059
7.95    -0.6    0.0073
7.95    -0.55   0.0094
7.95    -0.45   0.0069
7.95    -0.4    0.0171
7.95    -0.35   0.0047
7.95    -0.3    0.0067
7.95    -0.25   0.0398
7.95    -0.2    0.0266
7.95    -0.15   0.0097
7.95    -0.1    0.2103
7.95    -0.05   0.6352
7.95    0   0.8638
7.95    0.05    0.6326
7.95    0.1 0.2061
7.95    0.15    0.0093
7.95    0.2 0.0245
7.95    0.25    0.0373
7.95    0.3 0.0065
7.95    0.35    0.0041
7.95    0.4 0.0135
7.95    0.45    0.0039
7.95    0.5 0.002
7.95    0.55    0.0112
7.95    0.6 0.0073
7.95    0.7 0.006
7.95    0.75    0.0075
7.95    0.85    0.0037
7.95    0.9 0.0086
7.95    0.95    0.0023
7.95    1   0.0022
7.95    1.05    0.0124
7.95    1.1 0.0076
7.95    1.15    0.0015
7.95    1.2 0.0395
7.95    1.25    0.1032
7.95    1.3 0.1213
7.95    1.35    0.0753
7.95    1.4 0.0212
7.95    1.45    0.001
7.95    1.5 0.0015
7.95    1.55    0.0019
8   -2.7    0.0015
8   -2.65   0.0043
8   -2.6    0.0057
8   -2.55   0.004
8   -2.5    0.0012
8   -1.55   0.0028
8   -1.5    0.0022
8   -1.45   0.0011
8   -1.4    0.0302
8   -1.35   0.1044
8   -1.3    0.1674
8   -1.25   0.1404
8   -1.2    0.0532
8   -1.15   0.002
8   -1.1    0.0101
8   -1.05   0.0158
8   -1  0.003
8   -0.95   0.0027
8   -0.9    0.0095
8   -0.85   0.0031
8   -0.8    0.0018
8   -0.75   0.0116
8   -0.7    0.0077
8   -0.6    0.0104
8   -0.55   0.0136
8   -0.5    0.0013
8   -0.45   0.0099
8   -0.4    0.0245
8   -0.35   0.0065
8   -0.3    0.0104
8   -0.25   0.0561
8   -0.2    0.0379
8   -0.15   0.0136
8   -0.1    0.303
8   -0.05   0.8981
8   0   1.2279
8   0.05    0.888
8   0.1 0.2957
8   0.15    0.0105
8   0.2 0.0359
8   0.25    0.0519
8   0.3 0.0091
8   0.35    0.0056
8   0.4 0.0195
8   0.45    0.0062
8   0.5 0.0024
8   0.55    0.0153
8   0.6 0.0097
8   0.7 0.0088
8   0.75    0.0106
8   0.8 0.0011
8   0.85    0.0052
8   0.9 0.0124
8   0.95    0.0032
8   1   0.0034
8   1.05    0.0176
8   1.1 0.0109
8   1.15    0.0026
8   1.2 0.0559
8   1.25    0.1467
8   1.3 0.171
8   1.35    0.106
8   1.4 0.03
8   1.45    0.001
8   1.5 0.0021
8   1.55    0.0026
8.05    -2.7    0.0015
8.05    -2.65   0.0043
8.05    -2.6    0.0058
8.05    -2.55   0.004
8.05    -2.5    0.0012
8.05    -1.55   0.0028
8.05    -1.5    0.0021
8.05    -1.45   0.0014
8.05    -1.4    0.0296
8.05    -1.35   0.1052
8.05    -1.3    0.1673
8.05    -1.25   0.1419
8.05    -1.2    0.053
8.05    -1.15   0.0026
8.05    -1.1    0.0101
8.05    -1.05   0.0162
8.05    -1  0.0029
8.05    -0.95   0.0028
8.05    -0.9    0.0096
8.05    -0.85   0.0033
8.05    -0.8    0.0017
8.05    -0.75   0.0109
8.05    -0.7    0.0075
8.05    -0.6    0.0107
8.05    -0.55   0.0135
8.05    -0.5    0.0011
8.05    -0.45   0.01
8.05    -0.4    0.0241
8.05    -0.35   0.0069
8.05    -0.3    0.0096
8.05    -0.25   0.0565
8.05    -0.2    0.0377
8.05    -0.15   0.0137
8.05    -0.1    0.3009
8.05    -0.05   0.9042
8.05    0   1.2274
8.05    0.05    0.8974
8.05    0.1 0.2945
8.05    0.15    0.0153
8.05    0.2 0.0355
8.05    0.25    0.0536
8.05    0.3 0.0093
8.05    0.35    0.0061
8.05    0.4 0.02
8.05    0.45    0.0064
8.05    0.5 0.0025
8.05    0.55    0.0146
8.05    0.6 0.0094
8.05    0.7 0.009
8.05    0.75    0.0107
8.05    0.85    0.0054
8.05    0.9 0.0121
8.05    0.95    0.0033
8.05    1   0.0032
8.05    1.05    0.0176
8.05    1.1 0.0109
8.05    1.15    0.0019
8.05    1.2 0.0558
8.05    1.25    0.1464
8.05    1.3 0.1718
8.05    1.35    0.1067
8.05    1.4 0.0303
8.05    1.45    0.0015
8.05    1.5 0.0021
8.05    1.55    0.0027
8.1 -2.7    0.0011
8.1 -2.65   0.0031
8.1 -2.6    0.0042
8.1 -2.55   0.0029
8.1 -1.55   0.002
8.1 -1.5    0.0016
8.1 -1.4    0.0215
8.1 -1.35   0.0755
8.1 -1.3    0.1211
8.1 -1.25   0.1015
8.1 -1.2    0.0389
8.1 -1.15   0.0015
8.1 -1.1    0.0073
8.1 -1.05   0.0115
8.1 -1  0.0022
8.1 -0.95   0.002
8.1 -0.9    0.0071
8.1 -0.85   0.0026
8.1 -0.8    0.0011
8.1 -0.75   0.0076
8.1 -0.7    0.005
8.1 -0.6    0.0078
8.1 -0.55   0.0099
8.1 -0.45   0.0072
8.1 -0.4    0.0177
8.1 -0.35   0.0047
8.1 -0.3    0.0077
8.1 -0.25   0.0404
8.1 -0.2    0.0272
8.1 -0.15   0.0099
8.1 -0.1    0.214
8.1 -0.05   0.6478
8.1 0   0.885
8.1 0.05    0.6395
8.1 0.1 0.2121
8.1 0.15    0.0069
8.1 0.2 0.0257
8.1 0.25    0.0375
8.1 0.3 0.0067
8.1 0.35    0.0041
8.1 0.4 0.0145
8.1 0.45    0.0051
8.1 0.5 0.0014
8.1 0.55    0.01
8.1 0.6 0.0064
8.1 0.7 0.0067
8.1 0.75    0.0077
8.1 0.85    0.0038
8.1 0.9 0.0089
8.1 0.95    0.0024
8.1 1   0.0023
8.1 1.05    0.0127
8.1 1.1 0.0079
8.1 1.15    0.002
8.1 1.2 0.0395
8.1 1.25    0.1059
8.1 1.3 0.1234
8.1 1.35    0.0762
8.1 1.4 0.0217
8.1 1.5 0.0015
8.1 1.55    0.0019
8.15    -2.65   0.0014
8.15    -2.6    0.0019
8.15    -2.55   0.0014
8.15    -1.4    0.01
8.15    -1.35   0.0347
8.15    -1.3    0.0559
8.15    -1.25   0.048
8.15    -1.2    0.0177
8.15    -1.1    0.0033
8.15    -1.05   0.0055
8.15    -0.9    0.0033
8.15    -0.85   0.0013
8.15    -0.75   0.0032
8.15    -0.7    0.0023
8.15    -0.6    0.0037
8.15    -0.55   0.0046
8.15    -0.45   0.0034
8.15    -0.4    0.008
8.15    -0.35   0.0022
8.15    -0.3    0.0033
8.15    -0.25   0.0189
8.15    -0.2    0.0124
8.15    -0.15   0.0043
8.15    -0.1    0.1004
8.15    -0.05   0.2991
8.15    0   0.4108
8.15    0.05    0.3013
8.15    0.1 0.0979
8.15    0.15    0.0049
8.15    0.2 0.0118
8.15    0.25    0.0179
8.15    0.3 0.0031
8.15    0.35    0.002
8.15    0.4 0.0069
8.15    0.45    0.0025
8.15    0.55    0.0043
8.15    0.6 0.0028
8.15    0.7 0.0031
8.15    0.75    0.0036
8.15    0.85    0.0018
8.15    0.9 0.004
8.15    0.95    0.0011
8.15    1   0.0011
8.15    1.05    0.0059
8.15    1.1 0.0037
8.15    1.2 0.0185
8.15    1.25    0.0492
8.15    1.3 0.0576
8.15    1.35    0.0357
8.15    1.4 0.0105
8.2 -1.4    0.0023
8.2 -1.35   0.0074
8.2 -1.3    0.0119
8.2 -1.25   0.0103
8.2 -1.2    0.0041
8.2 -1.05   0.0012
8.2 -0.4    0.0017
8.2 -0.25   0.004
8.2 -0.2    0.0026
8.2 -0.15   0.0012
8.2 -0.1    0.023
8.2 -0.05   0.0645
8.2 0   0.0869
8.2 0.05    0.0662
8.2 0.1 0.0223
8.2 0.2 0.0026
8.2 0.25    0.0037
8.2 0.4 0.0015
8.2 1.05    0.0013
8.2 1.2 0.0042
8.2 1.25    0.0104
8.2 1.3 0.0121
8.2 1.35    0.008
8.2 1.4 0.0021
8.3 -1.4    0.0011
8.3 -1.35   0.0039
8.3 -1.3    0.0062
8.3 -1.25   0.0052
8.3 -1.2    0.0019
8.3 -0.25   0.0021
8.3 -0.2    0.0014
8.3 -0.1    0.0109
8.3 -0.05   0.033
8.3 0   0.0448
8.3 0.05    0.0327
8.3 0.1 0.0107
8.3 0.2 0.0014
8.3 0.25    0.0019
8.3 1.2 0.002
8.3 1.25    0.0054
8.3 1.3 0.0062
8.3 1.35    0.0039
8.3 1.4 0.0011
8.35    -1.4    0.0018
8.35    -1.35   0.0063
8.35    -1.3    0.0101
8.35    -1.25   0.0085
8.35    -1.2    0.0032
8.35    -0.4    0.0015
8.35    -0.25   0.0034
8.35    -0.2    0.0023
8.35    -0.1    0.0182
8.35    -0.05   0.0543
8.35    0   0.0737
8.35    0.05    0.0537
8.35    0.1 0.0177
8.35    0.2 0.0022
8.35    0.25    0.0032
8.35    0.4 0.0013
8.35    1.05    0.001
8.35    1.2 0.0034
8.35    1.25    0.0087
8.35    1.3 0.0103
8.35    1.35    0.0064
8.35    1.4 0.0018
8.4 -1.4    0.0011
8.4 -1.35   0.0038
8.4 -1.3    0.0061
8.4 -1.25   0.0051
8.4 -1.2    0.002
8.4 -0.25   0.002
8.4 -0.2    0.0013
8.4 -0.1    0.0108
8.4 -0.05   0.0326
8.4 0   0.044
8.4 0.05    0.032
8.4 0.1 0.0106
8.4 0.2 0.0013
8.4 0.25    0.0019
8.4 1.2 0.002
8.4 1.25    0.0053
8.4 1.3 0.0061
8.4 1.35    0.0038
8.4 1.4 0.0011
8.45    -0.1    0.0016
8.45    -0.05   0.0044
8.45    0   0.006
8.45    0.05    0.0042
8.45    0.1 0.0013
8.5 -0.05   0.0033
8.5 0   0.0045
8.5 0.05    0.0032
8.5 0.1 0.001
8.55    -1.35   0.0021
8.55    -1.3    0.0035
8.55    -1.25   0.0029
8.55    -1.2    0.0011
8.55    -0.25   0.0012
8.55    -0.1    0.0058
8.55    -0.05   0.018
8.55    0   0.0252
8.55    0.05    0.0184
8.55    0.1 0.0058
8.55    0.25    0.0012
8.55    1.2 0.0011
8.55    1.25    0.0029
8.55    1.3 0.0035
8.55    1.35    0.0022
8.6 -1.35   0.0025
8.6 -1.3    0.0041
8.6 -1.25   0.0034
8.6 -1.2    0.0013
8.6 -0.25   0.0014
8.6 -0.2    0.001
8.6 -0.1    0.0069
8.6 -0.05   0.0214
8.6 0   0.0295
8.6 0.05    0.0216
8.6 0.1 0.0071
8.6 0.25    0.0014
8.6 1.2 0.0013
8.6 1.25    0.0035
8.6 1.3 0.0041
8.6 1.35    0.0026
8.65    -1.35   0.001
8.65    -1.3    0.0017
8.65    -1.25   0.0015
8.65    -0.1    0.0028
8.65    -0.05   0.0086
8.65    0   0.0122
8.65    0.05    0.009
8.65    0.1 0.0031
8.65    1.25    0.0014
8.65    1.3 0.0017
8.65    1.35    0.0011
8.75    -1.35   0.001
8.75    -1.3    0.0016
8.75    -1.25   0.0013
8.75    -0.1    0.0031
8.75    -0.05   0.0092
8.75    0   0.0119
8.75    0.05    0.0083
8.75    0.1 0.0026
8.75    1.25    0.0015
8.75    1.3 0.0016
8.8 -1.35   0.003
8.8 -1.3    0.0047
8.8 -1.25   0.0039
8.8 -1.2    0.0014
8.8 -0.25   0.0016
8.8 -0.2    0.001
8.8 -0.1    0.0086
8.8 -0.05   0.0253
8.8 0   0.034
8.8 0.05    0.0243
8.8 0.1 0.0077
8.8 0.2 0.0011
8.8 0.25    0.0015
8.8 1.2 0.0016
8.8 1.25    0.0041
8.8 1.3 0.0047
8.8 1.35    0.0029
8.85    -1.4    0.0011
8.85    -1.35   0.0037
8.85    -1.3    0.0059
8.85    -1.25   0.005
8.85    -1.2    0.0018
8.85    -0.25   0.002
8.85    -0.2    0.0013
8.85    -0.1    0.0108
8.85    -0.05   0.0317
8.85    0   0.0431
8.85    0.05    0.0308
8.85    0.1 0.01
8.85    0.2 0.0014
8.85    0.25    0.0019
8.85    1.2 0.002
8.85    1.25    0.0051
8.85    1.3 0.006
8.85    1.35    0.0036
8.85    1.4 0.001
8.9 -1.3    0.0044
8.9 -1.25   0.0037
8.9 -1.2    0.0014
8.9 -0.25   0.0015
8.9 -0.1    0.0081
8.9 -0.05   0.0238
8.9 0   0.0321
8.9 0.05    0.0231
8.9 0.1 0.0075
8.9 0.25    0.0014
8.9 1.2 0.0015
8.9 1.25    0.0038
8.9 1.3 0.0044
8.9 1.35    0.0027
8.95    -0.1    0.0039
8.95    -0.05   0.0109
8.95    0   0.0147
8.95    0.05    0.0107
8.95    0.1 0.0035
8.95    1.25    0.0018
8.95    1.3 0.002
8.95    1.35    0.0013
9   -0.05   0.0026
9   0   0.0035
9   0.05    0.0025
-7.2    -1.3    0.0013
-7.2    -1.25   0.0011
-7.15   -1.35   0.001
-7.15   -1.3    0.0016
-7.15   -1.25   0.0014
-7.1    -0.1    0.0014
-7.1    -0.05   0.0039
-7  -0.1    0.0016
-7  -0.05   0.0049
-7  0   0.0067
-7  0.05    0.005
-7  0.1 0.0017
-6.95   -1.35   0.0015
-6.95   -1.3    0.0024
-6.95   -1.25   0.0021
-6.95   -0.1    0.0044
-6.95   -0.05   0.0129
-6.95   0   0.0176
-6.95   0.05    0.013
-6.95   0.1 0.0045
-6.9    -1.35   0.0013
-6.9    -1.3    0.0021
-6.9    -1.25   0.0018
-6.9    -0.1    0.004
-6.9    -0.05   0.0116
-6.9    0   0.0156
-6.9    0.05    0.0115
-6.9    0.1 0.004
-6.85   -0.05   0.0021
-6.85   0   0.0029
-6.85   0.05    0.0021
-6.8    -0.05   0.0028
-6.8    0   0.0041
-6.8    0.05    0.0029
-6.75   -1.35   0.0025
-6.75   -1.3    0.004
-6.75   -1.25   0.0035
-6.75   -1.2    0.0013
-6.75   -0.25   0.0012
-6.75   -0.1    0.0067
-6.75   -0.05   0.0206
-6.75   0   0.0293
-6.75   0.05    0.0218
-6.75   0.1 0.0073
-6.75   0.25    0.0015
-6.75   1.2 0.0012
-6.75   1.25    0.0033
-6.75   1.3 0.004
-6.75   1.35    0.0025
-6.7    -1.4    0.0011
-6.7    -1.35   0.0041
-6.7    -1.3    0.0066
-6.7    -1.25   0.0057
-6.7    -1.2    0.0023
-6.7    -0.25   0.0021
-6.7    -0.2    0.0014
-6.7    -0.1    0.0113
-6.7    -0.05   0.0346
-6.7    0   0.0481
-6.7    0.05    0.0358
-6.7    0.1 0.0122
-6.7    0.2 0.0014
-6.7    0.25    0.0024
-6.7    0.4 0.001
-6.7    1.2 0.002
-6.7    1.25    0.0055
-6.7    1.3 0.0066
-6.7    1.35    0.0042
-6.7    1.4 0.0012
-6.65   -1.35   0.0024
-6.65   -1.3    0.0038
-6.65   -1.25   0.0033
-6.65   -1.2    0.0014
-6.65   -0.25   0.0012
-6.65   -0.1    0.0069
-6.65   -0.05   0.02
-6.65   0   0.0277
-6.65   0.05    0.0204
-6.65   0.1 0.007
-6.65   0.25    0.0013
-6.65   1.2 0.0011
-6.65   1.25    0.0031
-6.65   1.3 0.0038
-6.65   1.35    0.0024
-6.55   -1.4    0.0016
-6.55   -1.35   0.0055
-6.55   -1.3    0.0091
-6.55   -1.25   0.0078
-6.55   -1.2    0.003
-6.55   -1.05   0.001
-6.55   -0.4    0.0011
-6.55   -0.25   0.0027
-6.55   -0.2    0.0019
-6.55   -0.1    0.016
-6.55   -0.05   0.0469
-6.55   0   0.0655
-6.55   0.05    0.0486
-6.55   0.1 0.0163
-6.55   0.2 0.0021
-6.55   0.25    0.0032
-6.55   0.4 0.0019
-6.55   0.45    0.0013
-6.55   1.2 0.0027
-6.55   1.25    0.0075
-6.55   1.3 0.0089
-6.55   1.35    0.0055
-6.55   1.4 0.0016
-6.5    -1.4    0.0069
-6.5    -1.35   0.0242
-6.5    -1.3    0.0396
-6.5    -1.25   0.0342
-6.5    -1.2    0.0132
-6.5    -1.1    0.0027
-6.5    -1.05   0.0044
-6.5    -0.9    0.0037
-6.5    -0.85   0.0028
-6.5    -0.75   0.0014
-6.5    -0.7    0.0013
-6.5    -0.6    0.0015
-6.5    -0.55   0.0022
-6.5    -0.45   0.002
-6.5    -0.4    0.0048
-6.5    -0.35   0.0014
-6.5    -0.3    0.0021
-6.5    -0.25   0.0122
-6.5    -0.2    0.0082
-6.5    -0.15   0.0031
-6.5    -0.1    0.0664
-6.5    -0.05   0.2034
-6.5    0   0.2851
-6.5    0.05    0.2105
-6.5    0.1 0.0713
-6.5    0.15    0.0043
-6.5    0.2 0.0085
-6.5    0.25    0.0141
-6.5    0.3 0.0028
-6.5    0.35    0.0017
-6.5    0.4 0.0073
-6.5    0.45    0.005
-6.5    0.55    0.0017
-6.5    0.6 0.0015
-6.5    0.7 0.0012
-6.5    0.75    0.0016
-6.5    0.85    0.001
-6.5    0.9 0.0023
-6.5    1.05    0.0036
-6.5    1.1 0.0022
-6.5    1.2 0.0121
-6.5    1.25    0.0326
-6.5    1.3 0.0386
-6.5    1.35    0.0244
-6.5    1.4 0.0071
-6.5    2.6 0.0013
-6.5    2.65    0.001
-6.45   -1.55   0.0013
-6.45   -1.4    0.0144
-6.45   -1.35   0.0506
-6.45   -1.3    0.082
-6.45   -1.25   0.0708
-6.45   -1.2    0.0277
-6.45   -1.15   0.0012
-6.45   -1.1    0.0053
-6.45   -1.05   0.0091
-6.45   -1  0.0021
-6.45   -0.95   0.0016
-6.45   -0.9    0.0077
-6.45   -0.85   0.0056
-6.45   -0.75   0.0019
-6.45   -0.7    0.002
-6.45   -0.6    0.0034
-6.45   -0.55   0.0044
-6.45   -0.45   0.0043
-6.45   -0.4    0.01
-6.45   -0.35   0.0025
-6.45   -0.3    0.0049
-6.45   -0.25   0.0249
-6.45   -0.2    0.0168
-6.45   -0.15   0.0059
-6.45   -0.1    0.1423
-6.45   -0.05   0.4235
-6.45   0   0.5931
-6.45   0.05    0.4361
-6.45   0.1 0.1491
-6.45   0.15    0.0064
-6.45   0.2 0.0183
-6.45   0.25    0.0291
-6.45   0.3 0.0063
-6.45   0.35    0.0032
-6.45   0.4 0.0151
-6.45   0.45    0.0101
-6.45   0.5 0.0012
-6.45   0.55    0.0025
-6.45   0.6 0.0025
-6.45   0.7 0.0027
-6.45   0.75    0.0034
-6.45   0.85    0.0023
-6.45   0.9 0.0049
-6.45   0.95    0.0012
-6.45   1   0.0015
-6.45   1.05    0.0076
-6.45   1.1 0.0047
-6.45   1.15    0.0012
-6.45   1.2 0.0256
-6.45   1.25    0.0671
-6.45   1.3 0.0802
-6.45   1.35    0.0506
-6.45   1.4 0.0147
-6.45   1.5 0.001
-6.45   1.55    0.0014
-6.45   2.55    0.0019
-6.45   2.6 0.0027
-6.45   2.65    0.0021
-6.4    -1.55   0.0017
-6.4    -1.5    0.0013
-6.4    -1.4    0.0193
-6.4    -1.35   0.0684
-6.4    -1.3    0.1107
-6.4    -1.25   0.0961
-6.4    -1.2    0.0374
-6.4    -1.15   0.0017
-6.4    -1.1    0.0071
-6.4    -1.05   0.0125
-6.4    -1  0.0027
-6.4    -0.95   0.0022
-6.4    -0.9    0.0103
-6.4    -0.85   0.0078
-6.4    -0.75   0.0019
-6.4    -0.7    0.0023
-6.4    -0.6    0.0051
-6.4    -0.55   0.0059
-6.4    -0.45   0.006
-6.4    -0.4    0.0133
-6.4    -0.35   0.0034
-6.4    -0.3    0.0064
-6.4    -0.25   0.0342
-6.4    -0.2    0.022
-6.4    -0.15   0.0094
-6.4    -0.1    0.1891
-6.4    -0.05   0.576
-6.4    0   0.7954
-6.4    0.05    0.5945
-6.4    0.1 0.202
-6.4    0.15    0.0097
-6.4    0.2 0.0245
-6.4    0.25    0.0404
-6.4    0.3 0.0085
-6.4    0.35    0.0045
-6.4    0.4 0.0204
-6.4    0.45    0.014
-6.4    0.5 0.0014
-6.4    0.55    0.0024
-6.4    0.6 0.0028
-6.4    0.7 0.0041
-6.4    0.75    0.0046
-6.4    0.85    0.0031
-6.4    0.9 0.0065
-6.4    0.95    0.0016
-6.4    1   0.002
-6.4    1.05    0.0103
-6.4    1.1 0.0062
-6.4    1.15    0.0015
-6.4    1.2 0.0343
-6.4    1.25    0.0908
-6.4    1.3 0.1079
-6.4    1.35    0.0686
-6.4    1.4 0.0202
-6.4    1.5 0.0014
-6.4    1.55    0.002
-6.4    2.55    0.0026
-6.4    2.6 0.0037
-6.4    2.65    0.0028
-6.35   -1.55   0.0016
-6.35   -1.5    0.0012
-6.35   -1.4    0.0189
-6.35   -1.35   0.0665
-6.35   -1.3    0.1081
-6.35   -1.25   0.0932
-6.35   -1.2    0.0367
-6.35   -1.15   0.0017
-6.35   -1.1    0.007
-6.35   -1.05   0.0122
-6.35   -1  0.0029
-6.35   -0.95   0.0019
-6.35   -0.9    0.0102
-6.35   -0.85   0.0077
-6.35   -0.75   0.0013
-6.35   -0.7    0.002
-6.35   -0.65   0.0013
-6.35   -0.6    0.0057
-6.35   -0.55   0.0061
-6.35   -0.45   0.0059
-6.35   -0.4    0.0131
-6.35   -0.35   0.0031
-6.35   -0.3    0.0068
-6.35   -0.25   0.0329
-6.35   -0.2    0.0215
-6.35   -0.15   0.0086
-6.35   -0.1    0.189
-6.35   -0.05   0.559
-6.35   0   0.7779
-6.35   0.05    0.5746
-6.35   0.1 0.1983
-6.35   0.15    0.0088
-6.35   0.2 0.0241
-6.35   0.25    0.039
-6.35   0.3 0.0087
-6.35   0.35    0.0039
-6.35   0.4 0.0199
-6.35   0.45    0.0138
-6.35   0.5 0.0012
-6.35   0.55    0.0017
-6.35   0.6 0.0024
-6.35   0.65    0.0012
-6.35   0.7 0.0047
-6.35   0.75    0.0046
-6.35   0.85    0.0031
-6.35   0.9 0.0065
-6.35   0.95    0.0015
-6.35   1   0.0021
-6.35   1.05    0.01
-6.35   1.1 0.006
-6.35   1.15    0.0017
-6.35   1.2 0.0337
-6.35   1.25    0.0882
-6.35   1.3 0.1048
-6.35   1.35    0.0663
-6.35   1.4 0.0195
-6.35   1.5 0.0014
-6.35   1.55    0.0019
-6.35   2.55    0.0025
-6.35   2.6 0.0036
-6.35   2.65    0.0027
-6.3    -1.55   0.0012
-6.3    -1.4    0.0131
-6.3    -1.35   0.0465
-6.3    -1.3    0.075
-6.3    -1.25   0.0649
-6.3    -1.2    0.0252
-6.3    -1.15   0.0013
-6.3    -1.1    0.0048
-6.3    -1.05   0.0087
-6.3    -1  0.002
-6.3    -0.95   0.0014
-6.3    -0.9    0.007
-6.3    -0.85   0.0057
-6.3    -0.7    0.0015
-6.3    -0.65   0.0017
-6.3    -0.6    0.0049
-6.3    -0.55   0.0046
-6.3    -0.45   0.0043
-6.3    -0.4    0.0091
-6.3    -0.35   0.0023
-6.3    -0.3    0.0045
-6.3    -0.25   0.0232
-6.3    -0.2    0.0147
-6.3    -0.15   0.0058
-6.3    -0.1    0.1297
-6.3    -0.05   0.3911
-6.3    0   0.538
-6.3    0.05    0.4002
-6.3    0.1 0.1361
-6.3    0.15    0.0074
-6.3    0.2 0.0166
-6.3    0.25    0.0278
-6.3    0.3 0.0063
-6.3    0.35    0.0028
-6.3    0.4 0.0139
-6.3    0.45    0.0101
-6.3    0.5 0.0011
-6.3    0.6 0.0018
-6.3    0.65    0.0016
-6.3    0.7 0.0041
-6.3    0.75    0.0035
-6.3    0.85    0.0022
-6.3    0.9 0.0044
-6.3    0.95    0.0011
-6.3    1   0.0014
-6.3    1.05    0.007
-6.3    1.1 0.0042
-6.3    1.15    0.001
-6.3    1.2 0.0236
-6.3    1.25    0.0614
-6.3    1.3 0.0729
-6.3    1.35    0.0461
-6.3    1.4 0.0137
-6.3    1.55    0.0013
-6.3    2.55    0.0017
-6.3    2.6 0.0025
-6.3    2.65    0.0019
-6.25   -1.4    0.0065
-6.25   -1.35   0.0217
-6.25   -1.3    0.0354
-6.25   -1.25   0.0306
-6.25   -1.2    0.0118
-6.25   -1.1    0.0023
-6.25   -1.05   0.0041
-6.25   -1  0.0011
-6.25   -0.9    0.0033
-6.25   -0.85   0.0029
-6.25   -0.7    0.0012
-6.25   -0.65   0.0018
-6.25   -0.6    0.0033
-6.25   -0.55   0.0026
-6.25   -0.45   0.0021
-6.25   -0.4    0.0045
-6.25   -0.35   0.0011
-6.25   -0.3    0.0021
-6.25   -0.25   0.0108
-6.25   -0.2    0.0068
-6.25   -0.15   0.0034
-6.25   -0.1    0.0604
-6.25   -0.05   0.1832
-6.25   0   0.2535
-6.25   0.05    0.185
-6.25   0.1 0.0634
-6.25   0.15    0.0027
-6.25   0.2 0.0078
-6.25   0.25    0.0127
-6.25   0.3 0.003
-6.25   0.35    0.0012
-6.25   0.4 0.0064
-6.25   0.45    0.0051
-6.25   0.6 0.0014
-6.25   0.65    0.0017
-6.25   0.7 0.0027
-6.25   0.75    0.002
-6.25   0.85    0.0011
-6.25   0.9 0.0022
-6.25   1.05    0.0033
-6.25   1.1 0.0019
-6.25   1.2 0.0109
-6.25   1.25    0.029
-6.25   1.3 0.034
-6.25   1.35    0.0212
-6.25   1.4 0.0064
-6.25   2.6 0.0012
-6.2    -1.4    0.0016
-6.2    -1.35   0.0052
-6.2    -1.3    0.0085
-6.2    -1.25   0.0075
-6.2    -1.2    0.0028
-6.2    -1.05   0.001
-6.2    -0.7    0.0011
-6.2    -0.65   0.0014
-6.2    -0.6    0.0016
-6.2    -0.4    0.0012
-6.2    -0.25   0.0026
-6.2    -0.2    0.0017
-6.2    -0.1    0.0153
-6.2    -0.05   0.0441
-6.2    0   0.0616
-6.2    0.05    0.0458
-6.2    0.1 0.0153
-6.2    0.2 0.0019
-6.2    0.25    0.0032
-6.2    0.4 0.0015
-6.2    0.45    0.0013
-6.2    0.6 0.0012
-6.2    0.65    0.0014
-6.2    0.7 0.0014
-6.2    1.2 0.0027
-6.2    1.25    0.0069
-6.2    1.3 0.0082
-6.2    1.35    0.0052
-6.2    1.4 0.0015
-6.15   0   0.0012
-6.15   0.05    0.0011
-6.1    -1.35   0.0011
-6.1    -1.3    0.0018
-6.1    -1.25   0.0016
-6.1    -0.1    0.0029
-6.1    -0.05   0.009
-6.1    0   0.0124
-6.1    0.05    0.0094
-6.1    0.1 0.0033
-6.1    1.25    0.0014
-6.1    1.3 0.0017
-6.1    1.35    0.0011
-6.05   -1.35   0.0022
-6.05   -1.3    0.0036
-6.05   -1.25   0.0031
-6.05   -1.2    0.0012
-6.05   -0.1    0.0064
-6.05   -0.05   0.0184
-6.05   0   0.0254
-6.05   0.05    0.019
-6.05   0.1 0.0066
-6.05   0.25    0.0015
-6.05   1.2 0.0011
-6.05   1.25    0.0029
-6.05   1.3 0.0034
-6.05   1.35    0.0022
-6  -1.35   0.0016
-6  -1.3    0.0026
-6  -1.25   0.0022
-6  -0.1    0.0049
-6  -0.05   0.0135
-6  0   0.0182
-6  0.05    0.0137
-6  0.1 0.0048
-6  0.25    0.0011
-6  1.25    0.0021
-6  1.3 0.0024
-6  1.35    0.0015
-5.95   -0.1    0.0016
-5.95   -0.05   0.004
-5.95   0   0.0052
-5.95   0.05    0.0039
-5.95   0.1 0.0014
-5.85   0   0.0015
-5.85   0.05    0.0011
-5.8    -0.05   0.0019
-5.8    0   0.0029
-5.8    0.05    0.0022
-5.75   -0.05   0.0014
-5.75   0   0.0021
-5.75   0.05    0.0017
-5.55   0   0.0015
-5.55   0.05    0.0012
-5.5    -0.05   0.0018
-5.5    0   0.0028
-5.5    0.05    0.0023
-5.45   -0.05   0.002
-5.45   0   0.0031
-5.45   0.05    0.0025
-5.45   0.1 0.0011
-5.4    -0.05   0.0014
-5.4    0   0.0021
-5.4    0.05    0.0017
-5.05   0   0.0012
-5  -0.05   0.0012
-5  0   0.0016
-5  0.05    0.0012
-4.95   -0.05   0.0016
-4.95   0   0.0021
-4.95   0.05    0.0015
-4.9    -0.05   0.0015
-4.9    0   0.0019
-4.9    0.05    0.0014
-4.75   -0.1    0.0012
-4.75   -0.05   0.0039
-4.75   0   0.0054
-4.75   0.05    0.0041
-4.75   0.1 0.0014
-4.7    -1.35   0.0011
-4.7    -1.3    0.0018
-4.7    -1.25   0.0015
-4.7    -0.1    0.0029
-4.7    -0.05   0.009
-4.7    0   0.0125
-4.7    0.05    0.0093
-4.7    0.1 0.0033
-4.7    1.25    0.0014
-4.7    1.3 0.0017
-4.7    1.35    0.001
-4.65   -1.35   0.0013
-4.65   -1.3    0.0022
-4.65   -1.25   0.0019
-4.65   -0.1    0.0037
-4.65   -0.05   0.0112
-4.65   0   0.0156
-4.65   0.05    0.0117
-4.65   0.1 0.0041
-4.65   1.25    0.0017
-4.65   1.3 0.0021
-4.65   1.35    0.0013
-4.6    -1.3    0.0016
-4.6    -1.25   0.0014
-4.6    -0.1    0.0027
-4.6    -0.05   0.0082
-4.6    0   0.0114
-4.6    0.05    0.0085
-4.6    0.1 0.003
-4.6    1.25    0.0013
-4.6    1.3 0.0015
-4.55   -0.1    0.0011
-4.55   -0.05   0.003
-4.55   0   0.0043
-4.55   0.05    0.0032
-4.55   0.1 0.0012
-4.3    -0.1    0.0011
-4.3    -0.05   0.0032
-4.3    0   0.0043
-4.3    0.05    0.0032
-4.3    0.1 0.0011
-4.25   -1.3    0.0013
-4.25   -1.25   0.0011
-4.25   -0.1    0.0021
-4.25   -0.05   0.0065
-4.25   0   0.0089
-4.25   0.05    0.0066
-4.25   0.1 0.0023
-4.25   1.3 0.0012
-4.2    -1.3    0.0011
-4.2    -0.1    0.0018
-4.2    -0.05   0.0055
-4.2    0   0.0076
-4.2    0.05    0.0057
-4.2    0.1 0.002
-4.15   -0.05   0.0012
-4.15   0   0.0017
-4.15   0.05    0.0013
-4.1    -0.05   0.0011
-4.1    0   0.0014
-4.1    0.05    0.0011
-4.05   -1.3    0.0014
-4.05   -1.25   0.0012
-4.05   -0.1    0.0023
-4.05   -0.05   0.0072
-4.05   0   0.01
-4.05   0.05    0.0073
-4.05   0.1 0.0025
-4.05   1.25    0.0011
-4.05   1.3 0.0013
-4  -1.35   0.0013
-4  -1.3    0.0021
-4  -1.25   0.0018
-4  -0.1    0.0034
-4  -0.05   0.0108
-4  0   0.0149
-4  0.05    0.011
-4  0.1 0.0037
-4  1.25    0.0016
-4  1.3 0.0019
-4  1.35    0.0012
-3.95   -1.3    0.0011
-3.95   -0.1    0.0017
-3.95   -0.05   0.0054
-3.95   0   0.0077
-3.95   0.05    0.0057
-3.95   0.1 0.002
-3.85   -1.3    0.0014
-3.85   -1.25   0.0011
-3.85   -0.1    0.0025
-3.85   -0.05   0.0074
-3.85   0   0.0098
-3.85   0.05    0.0069
-3.85   0.1 0.0022
-3.85   1.25    0.0011
-3.85   1.3 0.0013
-3.8    -1.35   0.0022
-3.8    -1.3    0.0035
-3.8    -1.25   0.0029
-3.8    -1.2    0.0011
-3.8    -0.25   0.001
-3.8    -0.1    0.0058
-3.8    -0.05   0.0177
-3.8    0   0.0242
-3.8    0.05    0.0176
-3.8    0.1 0.0056
-3.8    1.2 0.001
-3.8    1.25    0.0027
-3.8    1.3 0.0031
-3.8    1.35    0.0019
-3.75   -1.35   0.0018
-3.75   -1.3    0.0029
-3.75   -1.25   0.0024
-3.75   -0.1    0.0048
-3.75   -0.05   0.0145
-3.75   0   0.0201
-3.75   0.05    0.0145
-3.75   0.1 0.0047
-3.75   1.25    0.0022
-3.75   1.3 0.0026
-3.75   1.35    0.0016
-3.7    -0.05   0.0028
-3.7    0   0.0035
-3.7    0.05    0.0025
-3.65   -1.35   0.0013
-3.65   -1.3    0.0018
-3.65   -1.25   0.0015
-3.65   -0.1    0.0039
-3.65   -0.05   0.0103
-3.65   0   0.0128
-3.65   0.05    0.0091
-3.65   0.1 0.0033
-3.65   1.25    0.0015
-3.65   1.3 0.0016
-3.65   1.35    0.001
-3.6    -1.4    0.0015
-3.6    -1.35   0.005
-3.6    -1.3    0.0078
-3.6    -1.25   0.0066
-3.6    -1.2    0.0026
-3.6    -0.4    0.0011
-3.6    -0.25   0.0027
-3.6    -0.2    0.0014
-3.6    -0.1    0.0148
-3.6    -0.05   0.0412
-3.6    0   0.0538
-3.6    0.05    0.0388
-3.6    0.1 0.0134
-3.6    0.25    0.002
-3.6    1.2 0.0026
-3.6    1.25    0.0061
-3.6    1.3 0.0069
-3.6    1.35    0.0042
-3.6    1.4 0.0013
-3.55   -1.4    0.0021
-3.55   -1.35   0.0069
-3.55   -1.3    0.0108
-3.55   -1.25   0.009
-3.55   -1.2    0.0036
-3.55   -0.6    0.0011
-3.55   -0.4    0.0015
-3.55   -0.25   0.0036
-3.55   -0.2    0.002
-3.55   -0.15   0.0012
-3.55   -0.1    0.0201
-3.55   -0.05   0.0559
-3.55   0   0.0742
-3.55   0.05    0.0536
-3.55   0.1 0.0187
-3.55   0.2 0.0015
-3.55   0.25    0.0027
-3.55   1.05    0.0011
-3.55   1.2 0.0034
-3.55   1.25    0.0084
-3.55   1.3 0.0094
-3.55   1.35    0.0058
-3.55   1.4 0.0017
-3.5    -1.4    0.0011
-3.5    -1.35   0.0035
-3.5    -1.3    0.0055
-3.5    -1.25   0.0047
-3.5    -1.2    0.0018
-3.5    -0.25   0.0019
-3.5    -0.1    0.0103
-3.5    -0.05   0.0283
-3.5    0   0.0377
-3.5    0.05    0.0272
-3.5    0.1 0.0094
-3.5    0.25    0.0013
-3.5    1.2 0.0017
-3.5    1.25    0.0042
-3.5    1.3 0.0048
-3.5    1.35    0.003
-3.4    -1.4    0.0011
-3.4    -1.35   0.0041
-3.4    -1.3    0.0065
-3.4    -1.25   0.0055
-3.4    -1.2    0.0021
-3.4    -0.25   0.0019
-3.4    -0.2    0.0013
-3.4    -0.1    0.0108
-3.4    -0.05   0.0318
-3.4    0   0.0442
-3.4    0.05    0.0325
-3.4    0.1 0.0105
-3.4    0.2 0.0013
-3.4    0.25    0.002
-3.4    1.2 0.0019
-3.4    1.25    0.0047
-3.4    1.3 0.0056
-3.4    1.35    0.0035
-3.35   -1.4    0.0035
-3.35   -1.35   0.012
-3.35   -1.3    0.0193
-3.35   -1.25   0.0162
-3.35   -1.2    0.0064
-3.35   -1.1    0.0011
-3.35   -1.05   0.0018
-3.35   -0.9    0.0011
-3.35   -0.75   0.0014
-3.35   -0.7    0.0012
-3.35   -0.45   0.0011
-3.35   -0.4    0.0024
-3.35   -0.3    0.0012
-3.35   -0.25   0.0059
-3.35   -0.2    0.0037
-3.35   -0.15   0.0018
-3.35   -0.1    0.0329
-3.35   -0.05   0.097
-3.35   0   0.1322
-3.35   0.05    0.0961
-3.35   0.1 0.0326
-3.35   0.15    0.0012
-3.35   0.2 0.0037
-3.35   0.25    0.0056
-3.35   0.3 0.0011
-3.35   0.4 0.0021
-3.35   0.55    0.0016
-3.35   0.6 0.0013
-3.35   0.9 0.0011
-3.35   1.05    0.0017
-3.35   1.2 0.0055
-3.35   1.25    0.0143
-3.35   1.3 0.0166
-3.35   1.35    0.0102
-3.35   1.4 0.0029
-3.3    -1.4    0.0035
-3.3    -1.35   0.0119
-3.3    -1.3    0.019
-3.3    -1.25   0.0161
-3.3    -1.2    0.0062
-3.3    -1.1    0.001
-3.3    -1.05   0.0018
-3.3    -0.9    0.0011
-3.3    -0.75   0.001
-3.3    -0.45   0.0011
-3.3    -0.4    0.0023
-3.3    -0.3    0.0012
-3.3    -0.25   0.0059
-3.3    -0.2    0.0036
-3.3    -0.15   0.0014
-3.3    -0.1    0.0332
-3.3    -0.05   0.0962
-3.3    0   0.1301
-3.3    0.05    0.0947
-3.3    0.1 0.0319
-3.3    0.15    0.0018
-3.3    0.2 0.0034
-3.3    0.25    0.0055
-3.3    0.3 0.0011
-3.3    0.4 0.0021
-3.3    0.55    0.0012
-3.3    0.9 0.0011
-3.3    1.05    0.0017
-3.3    1.2 0.0056
-3.3    1.25    0.014
-3.3    1.3 0.0164
-3.3    1.35    0.0101
-3.3    1.4 0.0029
-3.25   -1.35   0.0028
-3.25   -1.3    0.0044
-3.25   -1.25   0.0036
-3.25   -1.2    0.0015
-3.25   -0.25   0.0014
-3.25   -0.1    0.0076
-3.25   -0.05   0.0221
-3.25   0   0.0294
-3.25   0.05    0.0205
-3.25   0.1 0.0076
-3.25   0.25    0.0011
-3.25   1.2 0.0013
-3.25   1.25    0.0032
-3.25   1.3 0.0038
-3.25   1.35    0.0022
-3.2    -1.35   0.0026
-3.2    -1.3    0.0045
-3.2    -1.25   0.0037
-3.2    -1.2    0.0013
-3.2    -0.25   0.0012
-3.2    -0.1    0.007
-3.2    -0.05   0.0208
-3.2    0   0.0297
-3.2    0.05    0.0216
-3.2    0.1 0.0067
-3.2    0.25    0.0013
-3.2    1.2 0.0011
-3.2    1.25    0.0031
-3.2    1.3 0.0037
-3.2    1.35    0.0023
-3.15   -1.4    0.0067
-3.15   -1.35   0.0238
-3.15   -1.3    0.0381
-3.15   -1.25   0.0322
-3.15   -1.2    0.0123
-3.15   -1.1    0.0023
-3.15   -1.05   0.0037
-3.15   -0.9    0.0024
-3.15   -0.75   0.0029
-3.15   -0.7    0.0022
-3.15   -0.6    0.0018
-3.15   -0.55   0.0027
-3.15   -0.45   0.0019
-3.15   -0.4    0.0051
-3.15   -0.35   0.0016
-3.15   -0.3    0.0019
-3.15   -0.25   0.0115
-3.15   -0.2    0.0078
-3.15   -0.15   0.0029
-3.15   -0.1    0.0624
-3.15   -0.05   0.1885
-3.15   0   0.259
-3.15   0.05    0.1873
-3.15   0.1 0.0621
-3.15   0.15    0.0027
-3.15   0.2 0.0073
-3.15   0.25    0.011
-3.15   0.3 0.0018
-3.15   0.35    0.0014
-3.15   0.4 0.0045
-3.15   0.45    0.0016
-3.15   0.55    0.0034
-3.15   0.6 0.0025
-3.15   0.7 0.0013
-3.15   0.75    0.0019
-3.15   0.9 0.0023
-3.15   1.05    0.0032
-3.15   1.1 0.0021
-3.15   1.2 0.0103
-3.15   1.25    0.0274
-3.15   1.3 0.0321
-3.15   1.35    0.0199
-3.15   1.4 0.0056
-3.1    -1.55   0.0011
-3.1    -1.4    0.0122
-3.1    -1.35   0.0432
-3.1    -1.3    0.0691
-3.1    -1.25   0.0594
-3.1    -1.2    0.0225
-3.1    -1.15   0.0012
-3.1    -1.1    0.0041
-3.1    -1.05   0.0068
-3.1    -1  0.0013
-3.1    -0.95   0.0013
-3.1    -0.9    0.0045
-3.1    -0.85   0.0017
-3.1    -0.75   0.0044
-3.1    -0.7    0.0036
-3.1    -0.6    0.0033
-3.1    -0.55   0.0047
-3.1    -0.45   0.0037
-3.1    -0.4    0.0091
-3.1    -0.35   0.0025
-3.1    -0.3    0.0037
-3.1    -0.25   0.0209
-3.1    -0.2    0.0142
-3.1    -0.15   0.0037
-3.1    -0.1    0.1147
-3.1    -0.05   0.3421
-3.1    0   0.4693
-3.1    0.05    0.344
-3.1    0.1 0.1147
-3.1    0.15    0.0052
-3.1    0.2 0.0133
-3.1    0.25    0.0202
-3.1    0.3 0.0037
-3.1    0.35    0.0024
-3.1    0.4 0.0085
-3.1    0.45    0.0031
-3.1    0.55    0.0052
-3.1    0.6 0.0039
-3.1    0.7 0.0024
-3.1    0.75    0.0033
-3.1    0.85    0.0018
-3.1    0.9 0.0041
-3.1    0.95    0.0011
-3.1    1   0.0011
-3.1    1.05    0.0058
-3.1    1.1 0.0037
-3.1    1.2 0.0189
-3.1    1.25    0.0494
-3.1    1.3 0.0585
-3.1    1.35    0.0363
-3.1    1.4 0.0104
-3.1    2.55    0.0012
-3.1    2.6 0.0018
-3.1    2.65    0.0013
-3.05   -1.4    0.0081
-3.05   -1.35   0.0279
-3.05   -1.3    0.0443
-3.05   -1.25   0.038
-3.05   -1.2    0.0148
-3.05   -1.1    0.0025
-3.05   -1.05   0.0042
-3.05   -0.9    0.0028
-3.05   -0.85   0.0012
-3.05   -0.75   0.0025
-3.05   -0.7    0.0019
-3.05   -0.6    0.0021
-3.05   -0.55   0.0028
-3.05   -0.45   0.0025
-3.05   -0.4    0.0058
-3.05   -0.35   0.0016
-3.05   -0.3    0.0026
-3.05   -0.25   0.0138
-3.05   -0.2    0.0088
-3.05   -0.15   0.0036
-3.05   -0.1    0.074
-3.05   -0.05   0.2192
-3.05   0   0.2979
-3.05   0.05    0.2183
-3.05   0.1 0.0721
-3.05   0.15    0.0033
-3.05   0.2 0.0081
-3.05   0.25    0.0128
-3.05   0.3 0.0022
-3.05   0.35    0.0015
-3.05   0.4 0.0053
-3.05   0.45    0.0022
-3.05   0.55    0.0028
-3.05   0.6 0.0021
-3.05   0.7 0.0016
-3.05   0.75    0.002
-3.05   0.85    0.0012
-3.05   0.9 0.0026
-3.05   1.05    0.0039
-3.05   1.1 0.0024
-3.05   1.2 0.0119
-3.05   1.25    0.0317
-3.05   1.3 0.0369
-3.05   1.35    0.023
-3.05   1.4 0.0064
-3.05   2.6 0.0011
-3  -0.1    0.0013
-3  -0.05   0.0035
-3  0   0.0016
-3  0.05    0.004
-3  0.1 0.001
-2.95   -1.55   0.0018
-2.95   -1.5    0.0014
-2.95   -1.4    0.0212
-2.95   -1.35   0.0687
-2.95   -1.3    0.109
-2.95   -1.25   0.0939
-2.95   -1.2    0.0367
-2.95   -1.15   0.001
-2.95   -1.1    0.0069
-2.95   -1.05   0.0106
-2.95   -1  0.0019
-2.95   -0.95   0.002
-2.95   -0.9    0.0067
-2.95   -0.85   0.0023
-2.95   -0.75   0.0074
-2.95   -0.7    0.0058
-2.95   -0.6    0.0056
-2.95   -0.55   0.0079
-2.95   -0.45   0.0054
-2.95   -0.4    0.0147
-2.95   -0.35   0.004
-2.95   -0.3    0.0053
-2.95   -0.25   0.0334
-2.95   -0.2    0.0218
-2.95   -0.15   0.0082
-2.95   -0.1    0.1863
-2.95   -0.05   0.5359
-2.95   0   0.7232
-2.95   0.05    0.5393
-2.95   0.1 0.1796
-2.95   0.15    0.0073
-2.95   0.2 0.0209
-2.95   0.25    0.0319
-2.95   0.3 0.0053
-2.95   0.35    0.0037
-2.95   0.4 0.0123
-2.95   0.45    0.0041
-2.95   0.5 0.0011
-2.95   0.55    0.0087
-2.95   0.6 0.0064
-2.95   0.7 0.0041
-2.95   0.75    0.0055
-2.95   0.85    0.0026
-2.95   0.9 0.0064
-2.95   0.95    0.0017
-2.95   1   0.0015
-2.95   1.05    0.0093
-2.95   1.1 0.0056
-2.95   1.15    0.0017
-2.95   1.2 0.0285
-2.95   1.25    0.0783
-2.95   1.3 0.089
-2.95   1.35    0.055
-2.95   1.4 0.0158
-2.95   1.5 0.0011
-2.95   1.55    0.0014
-2.95   2.55    0.0019
-2.95   2.6 0.0027
-2.95   2.65    0.002
-2.9    -2.5    0.0036
-2.9    -1.7    0.0015
-2.9    -1.6    0.0013
-2.9    -1.55   0.0086
-2.9    -1.5    0.0066
-2.9    -1.45   0.0033
-2.9    -1.4    0.0958
-2.9    -1.35   0.3341
-2.9    -1.3    0.5329
-2.9    -1.25   0.4551
-2.9    -1.2    0.1734
-2.9    -1.15   0.0083
-2.9    -1.1    0.0333
-2.9    -1.05   0.0525
-2.9    -1  0.0092
-2.9    -0.95   0.0093
-2.9    -0.9    0.034
-2.9    -0.85   0.0126
-2.9    -0.8    0.0042
-2.9    -0.75   0.0327
-2.9    -0.7    0.025
-2.9    -0.65   0.0011
-2.9    -0.6    0.0274
-2.9    -0.55   0.0378
-2.9    -0.5    0.0032
-2.9    -0.45   0.0276
-2.9    -0.4    0.069
-2.9    -0.35   0.0193
-2.9    -0.3    0.0293
-2.9    -0.25   0.1586
-2.9    -0.2    0.1066
-2.9    -0.15   0.0288
-2.9    -0.1    0.8976
-2.9    -0.05   2.6058
-2.9    0   3.5602
-2.9    0.05    2.5954
-2.9    0.1 0.8738
-2.9    0.15    0.038
-2.9    0.2 0.1036
-2.9    0.25    0.1532
-2.9    0.3 0.0289
-2.9    0.35    0.017
-2.9    0.4 0.0619
-2.9    0.45    0.0213
-2.9    0.5 0.0047
-2.9    0.55    0.0383
-2.9    0.6 0.027
-2.9    0.65    0.0012
-2.9    0.7 0.0202
-2.9    0.75    0.0265
-2.9    0.8 0.0027
-2.9    0.85    0.0129
-2.9    0.9 0.0307
-2.9    0.95    0.0081
-2.9    1   0.0088
-2.9    1.05    0.044
-2.9    1.1 0.0275
-2.9    1.15    0.0056
-2.9    1.2 0.1451
-2.9    1.25    0.37
-2.9    1.3 0.4368
-2.9    1.35    0.2713
-2.9    1.4 0.0784
-2.9    1.45    0.003
-2.9    1.5 0.0053
-2.9    1.55    0.0067
-2.9    1.6 0.0011
-2.9    1.7 0.0011
-2.9    2.5 0.0028
-2.9    2.55    0.0091
-2.9    2.6 0.013
-2.9    2.65    0.0094
-2.9    2.7 0.0033
-2.85   -2.5    0.0085
-2.85   -2.4    0.0011
-2.85   -2.35   0.0013
-2.85   -1.75   0.0011
-2.85   -1.7    0.0036
-2.85   -1.65   0.0011
-2.85   -1.6    0.0032
-2.85   -1.55   0.0198
-2.85   -1.5    0.0153
-2.85   -1.45   0.0098
-2.85   -1.4    0.2163
-2.85   -1.35   0.746
-2.85   -1.3    1.19
-2.85   -1.25   1.0046
-2.85   -1.2    0.3811
-2.85   -1.15   0.0135
-2.85   -1.1    0.0715
-2.85   -1.05   0.1163
-2.85   -1  0.021
-2.85   -0.95   0.0208
-2.85   -0.9    0.0746
-2.85   -0.85   0.0315
-2.85   -0.8    0.0064
-2.85   -0.75   0.0697
-2.85   -0.7    0.0516
-2.85   -0.65   0.0016
-2.85   -0.6    0.0632
-2.85   -0.55   0.0841
-2.85   -0.5    0.0074
-2.85   -0.45   0.0626
-2.85   -0.4    0.1562
-2.85   -0.35   0.0455
-2.85   -0.3    0.064
-2.85   -0.25   0.3674
-2.85   -0.2    0.2382
-2.85   -0.15   0.0971
-2.85   -0.1    1.9135
-2.85   -0.05   5.8083
-2.85   0   7.8803
-2.85   0.05    5.7267
-2.85   0.1 1.8935
-2.85   0.15    0.0904
-2.85   0.2 0.2253
-2.85   0.25    0.3452
-2.85   0.3 0.0586
-2.85   0.35    0.039
-2.85   0.4 0.1361
-2.85   0.45    0.0533
-2.85   0.5 0.0083
-2.85   0.55    0.08
-2.85   0.6 0.0557
-2.85   0.7 0.0465
-2.85   0.75    0.058
-2.85   0.8 0.0051
-2.85   0.85    0.0294
-2.85   0.9 0.0681
-2.85   0.95    0.0193
-2.85   1   0.018
-2.85   1.05    0.0997
-2.85   1.1 0.0605
-2.85   1.15    0.0148
-2.85   1.2 0.3105
-2.85   1.25    0.8247
-2.85   1.3 0.9614
-2.85   1.35    0.6008
-2.85   1.4 0.1664
-2.85   1.45    0.0083
-2.85   1.5 0.0118
-2.85   1.55    0.0153
-2.85   1.6 0.0023
-2.85   1.7 0.0025
-2.85   2.5 0.0062
-2.85   2.55    0.0202
-2.85   2.6 0.0286
-2.85   2.65    0.0212
-2.85   2.7 0.0071
-2.8    -2.55   0.0404
-2.8    -2.5    0.0125
-2.8    -2.4    0.0017
-2.8    -2.35   0.002
-2.8    -1.75   0.0016
-2.8    -1.7    0.0052
-2.8    -1.65   0.0017
-2.8    -1.6    0.0045
-2.8    -1.55   0.0294
-2.8    -1.5    0.0227
-2.8    -1.45   0.0106
-2.8    -1.4    0.3197
-2.8    -1.35   1.1136
-2.8    -1.3    1.7731
-2.8    -1.25   1.5029
-2.8    -1.2    0.5669
-2.8    -1.15   0.0251
-2.8    -1.1    0.1066
-2.8    -1.05   0.1716
-2.8    -1  0.0327
-2.8    -0.95   0.0299
-2.8    -0.9    0.1133
-2.8    -0.85   0.0457
-2.8    -0.8    0.011
-2.8    -0.75   0.0964
-2.8    -0.7    0.0728
-2.8    -0.65   0.0034
-2.8    -0.6    0.0947
-2.8    -0.55   0.1267
-2.8    -0.5    0.0101
-2.8    -0.45   0.0949
-2.8    -0.4    0.2303
-2.8    -0.35   0.061
-2.8    -0.3    0.0986
-2.8    -0.25   0.5317
-2.8    -0.2    0.359
-2.8    -0.15   0.1013
-2.8    -0.1    2.8683
-2.8    -0.05   8.5018
-2.8    0   11.6085
-2.8    0.05    8.3855
-2.8    0.1 2.7985
-2.8    0.15    0.1125
-2.8    0.2 0.3394
-2.8    0.25    0.4989
-2.8    0.3 0.0935
-2.8    0.35    0.0546
-2.8    0.4 0.2039
-2.8    0.45    0.0793
-2.8    0.5 0.012
-2.8    0.55    0.1118
-2.8    0.6 0.077
-2.8    0.65    0.0033
-2.8    0.7 0.0703
-2.8    0.75    0.0874
-2.8    0.8 0.0074
-2.8    0.85    0.0439
-2.8    0.9 0.1018
-2.8    0.95    0.0263
-2.8    1   0.0284
-2.8    1.05    0.1448
-2.8    1.1 0.091
-2.8    1.15    0.0183
-2.8    1.2 0.4627
-2.8    1.25    1.2038
-2.8    1.3 1.412
-2.8    1.35    0.8662
-2.8    1.4 0.2485
-2.8    1.45    0.0089
-2.8    1.5 0.0171
-2.8    1.55    0.0218
-2.8    1.6 0.0035
-2.8    1.65    0.0012
-2.8    1.7 0.0037
-2.8    1.75    0.0011
-2.8    2.35    0.0015
-2.8    2.4 0.0013
-2.8    2.5 0.0092
-2.8    2.55    0.0296
-2.8    2.6 0.0418
-2.8    2.65    0.0306
-2.8    2.7 0.0104
-2.8    2.85    0.0013
-2.75   -2.55   0.041
-2.75   -2.5    0.0127
-2.75   -2.4    0.0018
-2.75   -2.35   0.0021
-2.75   -1.75   0.0017
-2.75   -1.7    0.0055
-2.75   -1.65   0.0018
-2.75   -1.6    0.0049
-2.75   -1.55   0.031
-2.75   -1.5    0.0237
-2.75   -1.45   0.0165
-2.75   -1.4    0.3368
-2.75   -1.35   1.1782
-2.75   -1.3    1.8797
-2.75   -1.25   1.5896
-2.75   -1.2    0.6003
-2.75   -1.15   0.0237
-2.75   -1.1    0.1134
-2.75   -1.05   0.1815
-2.75   -1  0.0324
-2.75   -0.95   0.0321
-2.75   -0.9    0.116
-2.75   -0.85   0.0497
-2.75   -0.8    0.008
-2.75   -0.75   0.0953
-2.75   -0.7    0.0708
-2.75   -0.65   0.0021
-2.75   -0.6    0.1017
-2.75   -0.55   0.1315
-2.75   -0.5    0.0124
-2.75   -0.45   0.0974
-2.75   -0.4    0.2413
-2.75   -0.35   0.067
-2.75   -0.3    0.1014
-2.75   -0.25   0.5712
-2.75   -0.2    0.3701
-2.75   -0.15   0.1546
-2.75   -0.1    2.9892
-2.75   -0.05   8.9675
-2.75   0   12.1317
-2.75   0.05    8.8307
-2.75   0.1 2.8817
-2.75   0.15    0.1279
-2.75   0.2 0.3496
-2.75   0.25    0.5269
-2.75   0.3 0.0912
-2.75   0.35    0.06
-2.75   0.4 0.2092
-2.75   0.45    0.0842
-2.75   0.5 0.0107
-2.75   0.55    0.1076
-2.75   0.6 0.0754
-2.75   0.7 0.0752
-2.75   0.75    0.0904
-2.75   0.8 0.0079
-2.75   0.85    0.0459
-2.75   0.9 0.1043
-2.75   0.95    0.0283
-2.75   1   0.0276
-2.75   1.05    0.1535
-2.75   1.1 0.0935
-2.75   1.15    0.0212
-2.75   1.2 0.4776
-2.75   1.25    1.258
-2.75   1.3 1.465
-2.75   1.35    0.9101
-2.75   1.4 0.2556
-2.75   1.45    0.0114
-2.75   1.5 0.0175
-2.75   1.55    0.0232
-2.75   1.6 0.0036
-2.75   1.65    0.0012
-2.75   1.7 0.0038
-2.75   1.75    0.0012
-2.75   2.35    0.0015
-2.75   2.4 0.0013
-2.75   2.5 0.0094
-2.75   2.55    0.0307
-2.75   2.6 0.0433
-2.75   2.65    0.0321
-2.75   2.7 0.0108
-2.75   2.85    0.0014
-2.7    -2.55   0.0312
-2.7    -2.5    0.0095
-2.7    -2.4    0.0013
-2.7    -2.35   0.0015
-2.7    -1.75   0.0013
-2.7    -1.7    0.0041
-2.7    -1.65   0.0013
-2.7    -1.6    0.0036
-2.7    -1.55   0.0228
-2.7    -1.5    0.0178
-2.7    -1.45   0.0078
-2.7    -1.4    0.2494
-2.7    -1.35   0.8785
-2.7    -1.3    1.4048
-2.7    -1.25   1.1949
-2.7    -1.2    0.4547
-2.7    -1.15   0.0218
-2.7    -1.1    0.0869
-2.7    -1.05   0.1388
-2.7    -1  0.0271
-2.7    -0.95   0.0232
-2.7    -0.9    0.0915
-2.7    -0.85   0.0383
-2.7    -0.8    0.0074
-2.7    -0.75   0.0684
-2.7    -0.7    0.0498
-2.7    -0.65   0.0036
-2.7    -0.6    0.0783
-2.7    -0.55   0.101
-2.7    -0.5    0.0082
-2.7    -0.45   0.0723
-2.7    -0.4    0.1807
-2.7    -0.35   0.0472
-2.7    -0.3    0.0784
-2.7    -0.25   0.417
-2.7    -0.2    0.2828
-2.7    -0.15   0.0871
-2.7    -0.1    2.2803
-2.7    -0.05   6.7262
-2.7    0   9.1938
-2.7    0.05    6.6466
-2.7    0.1 2.2285
-2.7    0.15    0.0946
-2.7    0.2 0.2689
-2.7    0.25    0.3938
-2.7    0.3 0.0748
-2.7    0.35    0.0419
-2.7    0.4 0.1605
-2.7    0.45    0.0649
-2.7    0.5 0.0075
-2.7    0.55    0.0774
-2.7    0.6 0.0516
-2.7    0.65    0.0029
-2.7    0.7 0.0581
-2.7    0.75    0.0693
-2.7    0.8 0.0064
-2.7    0.85    0.0332
-2.7    0.9 0.0789
-2.7    0.95    0.0205
-2.7    1   0.0217
-2.7    1.05    0.1129
-2.7    1.1 0.0707
-2.7    1.15    0.0154
-2.7    1.2 0.3626
-2.7    1.25    0.9411
-2.7    1.3 1.1036
-2.7    1.35    0.6798
-2.7    1.4 0.1958
-2.7    1.45    0.0068
-2.7    1.5 0.0133
-2.7    1.55    0.0171
-2.7    1.6 0.0028
-2.7    1.7 0.0029
-2.7    2.35    0.0011
-2.7    2.5 0.0069
-2.7    2.55    0.0228
-2.7    2.6 0.0321
-2.7    2.65    0.0236
-2.7    2.7 0.0081
-2.7    2.85    0.001
-2.65   -2.55   0.0158
-2.65   -2.5    0.0048
-2.65   -1.7    0.0021
-2.65   -1.6    0.0019
-2.65   -1.55   0.0116
-2.65   -1.5    0.0086
-2.65   -1.45   0.0056
-2.65   -1.4    0.1241
-2.65   -1.35   0.4298
-2.65   -1.3    0.6854
-2.65   -1.25   0.5833
-2.65   -1.2    0.2182
-2.65   -1.15   0.0093
-2.65   -1.1    0.0419
-2.65   -1.05   0.069
-2.65   -1  0.0121
-2.65   -0.95   0.0112
-2.65   -0.9    0.0447
-2.65   -0.85   0.0205
-2.65   -0.8    0.0024
-2.65   -0.75   0.0314
-2.65   -0.7    0.0224
-2.65   -0.65   0.0012
-2.65   -0.6    0.042
-2.65   -0.55   0.0508
-2.65   -0.5    0.0046
-2.65   -0.45   0.036
-2.65   -0.4    0.0893
-2.65   -0.35   0.025
-2.65   -0.3    0.0346
-2.65   -0.25   0.2079
-2.65   -0.2    0.1391
-2.65   -0.15   0.052
-2.65   -0.1    1.0853
-2.65   -0.05   3.3076
-2.65   0   4.4626
-2.65   0.05    3.2559
-2.65   0.1 1.0626
-2.65   0.15    0.05
-2.65   0.2 0.1304
-2.65   0.25    0.1975
-2.65   0.3 0.0355
-2.65   0.35    0.0206
-2.65   0.4 0.0794
-2.65   0.45    0.0335
-2.65   0.5 0.003
-2.65   0.55    0.0339
-2.65   0.6 0.0227
-2.65   0.7 0.0309
-2.65   0.75    0.0347
-2.65   0.8 0.0029
-2.65   0.85    0.0166
-2.65   0.9 0.038
-2.65   0.95    0.0104
-2.65   1   0.0098
-2.65   1.05    0.0555
-2.65   1.1 0.0347
-2.65   1.15    0.0068
-2.65   1.2 0.1747
-2.65   1.25    0.4597
-2.65   1.3 0.5362
-2.65   1.35    0.3349
-2.65   1.4 0.0947
-2.65   1.45    0.0044
-2.65   1.5 0.0065
-2.65   1.55    0.0086
-2.65   1.6 0.0014
-2.65   1.7 0.0014
-2.65   2.5 0.0034
-2.65   2.55    0.0111
-2.65   2.6 0.0155
-2.65   2.65    0.0115
-2.65   2.7 0.004
-2.6    -2.55   0.0036
-2.6    -2.5    0.0012
-2.6    -1.55   0.0027
-2.6    -1.5    0.0021
-2.6    -1.45   0.001
-2.6    -1.4    0.0291
-2.6    -1.35   0.1025
-2.6    -1.3    0.1644
-2.6    -1.25   0.1402
-2.6    -1.2    0.0502
-2.6    -1.15   0.0025
-2.6    -1.1    0.01
-2.6    -1.05   0.0163
-2.6    -1  0.0036
-2.6    -0.95   0.0029
-2.6    -0.9    0.0109
-2.6    -0.85   0.0054
-2.6    -0.75   0.0062
-2.6    -0.7    0.0039
-2.6    -0.6    0.0116
-2.6    -0.55   0.0135
-2.6    -0.5    0.001
-2.6    -0.45   0.0094
-2.6    -0.4    0.0213
-2.6    -0.35   0.0058
-2.6    -0.3    0.0083
-2.6    -0.25   0.0489
-2.6    -0.2    0.0315
-2.6    -0.15   0.0118
-2.6    -0.1    0.2779
-2.6    -0.05   0.7712
-2.6    0   1.0513
-2.6    0.05    0.7489
-2.6    0.1 0.2402
-2.6    0.15    0.01
-2.6    0.2 0.0308
-2.6    0.25    0.045
-2.6    0.3 0.0081
-2.6    0.35    0.005
-2.6    0.4 0.0191
-2.6    0.45    0.0093
-2.6    0.55    0.0066
-2.6    0.6 0.0037
-2.6    0.7 0.0086
-2.6    0.75    0.0091
-2.6    0.85    0.0042
-2.6    0.9 0.0093
-2.6    0.95    0.0025
-2.6    1   0.0028
-2.6    1.05    0.0131
-2.6    1.1 0.008
-2.6    1.15    0.0018
-2.6    1.2 0.0435
-2.6    1.25    0.1081
-2.6    1.3 0.1251
-2.6    1.35    0.0761
-2.6    1.4 0.0213
-2.6    1.5 0.0015
-2.6    1.55    0.0021
-2.6    2.55    0.0026
-2.6    2.6 0.0036
-2.6    2.65    0.0028
-2.55   -1.25   0.0011
-2.55   -0.1    0.0027
-2.55   -0.05   0.0058
-2.55   0   0.0045
-2.55   0.05    0.0098
-2.55   0.1 0.0022
-2.55   1.3 0.0011
-2.5    -2.6    0.0021
-2.5    -2.55   0.0015
-2.5    -1.55   0.0011
-2.5    -1.4    0.0126
-2.5    -1.35   0.0421
-2.5    -1.3    0.0676
-2.5    -1.25   0.0569
-2.5    -1.2    0.0208
-2.5    -1.1    0.0044
-2.5    -1.05   0.0068
-2.5    -1  0.0012
-2.5    -0.95   0.0012
-2.5    -0.9    0.0044
-2.5    -0.85   0.0018
-2.5    -0.75   0.0042
-2.5    -0.7    0.0035
-2.5    -0.6    0.0027
-2.5    -0.55   0.004
-2.5    -0.45   0.0034
-2.5    -0.4    0.0083
-2.5    -0.35   0.0022
-2.5    -0.3    0.0037
-2.5    -0.25   0.0198
-2.5    -0.2    0.0134
-2.5    -0.15   0.0044
-2.5    -0.1    0.104
-2.5    -0.05   0.3141
-2.5    0   0.4277
-2.5    0.05    0.3091
-2.5    0.1 0.0984
-2.5    0.15    0.0034
-2.5    0.2 0.0129
-2.5    0.25    0.0187
-2.5    0.3 0.0034
-2.5    0.35    0.0021
-2.5    0.4 0.0075
-2.5    0.45    0.0029
-2.5    0.55    0.0049
-2.5    0.6 0.0037
-2.5    0.7 0.0018
-2.5    0.75    0.0025
-2.5    0.85    0.0016
-2.5    0.9 0.0036
-2.5    1.05    0.0052
-2.5    1.1 0.0032
-2.5    1.2 0.0168
-2.5    1.25    0.043
-2.5    1.3 0.0499
-2.5    1.35    0.0311
-2.5    1.4 0.0085
-2.5    2.55    0.001
-2.5    2.6 0.0014
-2.5    2.65    0.001
-2.45   -2.6    0.0036
-2.45   -2.55   0.0025
-2.45   -1.55   0.0021
-2.45   -1.5    0.0016
-2.45   -1.45   0.001
-2.45   -1.4    0.0224
-2.45   -1.35   0.0784
-2.45   -1.3    0.1243
-2.45   -1.25   0.1049
-2.45   -1.2    0.0394
-2.45   -1.15   0.0016
-2.45   -1.1    0.008
-2.45   -1.05   0.0127
-2.45   -1  0.0023
-2.45   -0.95   0.0023
-2.45   -0.9    0.0083
-2.45   -0.85   0.0037
-2.45   -0.75   0.0066
-2.45   -0.7    0.0053
-2.45   -0.6    0.006
-2.45   -0.55   0.0079
-2.45   -0.45   0.0065
-2.45   -0.4    0.0154
-2.45   -0.35   0.0043
-2.45   -0.3    0.0064
-2.45   -0.25   0.0366
-2.45   -0.2    0.0237
-2.45   -0.15   0.0097
-2.45   -0.1    0.1929
-2.45   -0.05   0.583
-2.45   0   0.7873
-2.45   0.05    0.5742
-2.45   0.1 0.1868
-2.45   0.15    0.0091
-2.45   0.2 0.0239
-2.45   0.25    0.0356
-2.45   0.3 0.0063
-2.45   0.35    0.0041
-2.45   0.4 0.0143
-2.45   0.45    0.0058
-2.45   0.55    0.0072
-2.45   0.6 0.0054
-2.45   0.7 0.004
-2.45   0.75    0.0051
-2.45   0.85    0.0029
-2.45   0.9 0.0065
-2.45   0.95    0.0017
-2.45   1   0.0017
-2.45   1.05    0.0095
-2.45   1.1 0.0058
-2.45   1.15    0.0012
-2.45   1.2 0.0304
-2.45   1.25    0.0794
-2.45   1.3 0.0923
-2.45   1.35    0.0573
-2.45   1.4 0.0161
-2.45   1.5 0.0012
-2.45   1.55    0.0015
-2.45   2.55    0.0019
-2.45   2.6 0.0026
-2.45   2.65    0.0019
-2.4    -2.6    0.0023
-2.4    -2.55   0.0017
-2.4    -1.55   0.0014
-2.4    -1.5    0.0011
-2.4    -1.4    0.0155
-2.4    -1.35   0.0532
-2.4    -1.3    0.0843
-2.4    -1.25   0.0708
-2.4    -1.2    0.0267
-2.4    -1.15   0.001
-2.4    -1.1    0.0052
-2.4    -1.05   0.0082
-2.4    -1  0.0016
-2.4    -0.95   0.0014
-2.4    -0.9    0.0057
-2.4    -0.85   0.0026
-2.4    -0.75   0.0039
-2.4    -0.7    0.003
-2.4    -0.6    0.0042
-2.4    -0.55   0.0055
-2.4    -0.45   0.0043
-2.4    -0.4    0.0105
-2.4    -0.35   0.0027
-2.4    -0.3    0.0044
-2.4    -0.25   0.0233
-2.4    -0.2    0.0153
-2.4    -0.15   0.0062
-2.4    -0.1    0.1285
-2.4    -0.05   0.3805
-2.4    0   0.5173
-2.4    0.05    0.3724
-2.4    0.1 0.1255
-2.4    0.15    0.0044
-2.4    0.2 0.0158
-2.4    0.25    0.023
-2.4    0.3 0.0044
-2.4    0.35    0.0025
-2.4    0.4 0.0096
-2.4    0.45    0.0043
-2.4    0.55    0.0042
-2.4    0.6 0.003
-2.4    0.7 0.0029
-2.4    0.75    0.0035
-2.4    0.85    0.0019
-2.4    0.9 0.0044
-2.4    0.95    0.0011
-2.4    1   0.0012
-2.4    1.05    0.0061
-2.4    1.1 0.0036
-2.4    1.15    0.0011
-2.4    1.2 0.0199
-2.4    1.25    0.0519
-2.4    1.3 0.0602
-2.4    1.35    0.0375
-2.4    1.4 0.0106
-2.4    2.55    0.0012
-2.4    2.6 0.0017
-2.4    2.65    0.0013
-2.35   -1.4    0.0026
-2.35   -1.35   0.0096
-2.35   -1.3    0.0151
-2.35   -1.25   0.0122
-2.35   -1.2    0.0047
-2.35   -1.05   0.0014
-2.35   -0.4    0.0018
-2.35   -0.25   0.0038
-2.35   -0.2    0.002
-2.35   -0.15   0.0011
-2.35   -0.1    0.0228
-2.35   -0.05   0.0675
-2.35   0   0.0873
-2.35   0.05    0.0623
-2.35   0.1 0.0218
-2.35   0.15    0.0015
-2.35   0.2 0.0026
-2.35   0.25    0.0037
-2.35   0.4 0.0017
-2.35   1.2 0.0035
-2.35   1.25    0.0091
-2.35   1.3 0.0105
-2.35   1.35    0.0062
-2.35   1.4 0.0019
-2.3    -1.35   0.0041
-2.3    -1.3    0.0061
-2.3    -1.25   0.0049
-2.3    -1.2    0.002
-2.3    -0.25   0.0023
-2.3    -0.2    0.0017
-2.3    -0.1    0.0075
-2.3    -0.05   0.0267
-2.3    0   0.035
-2.3    0.05    0.0243
-2.3    0.1 0.0085
-2.3    0.2 0.0013
-2.3    0.25    0.0016
-2.3    1.2 0.0014
-2.3    1.25    0.0033
-2.3    1.3 0.0039
-2.3    1.35    0.0023
-2.25   -1.4    0.0076
-2.25   -1.35   0.0282
-2.25   -1.3    0.0452
-2.25   -1.25   0.038
-2.25   -1.2    0.0141
-2.25   -1.1    0.0032
-2.25   -1.05   0.0049
-2.25   -0.9    0.0031
-2.25   -0.85   0.0013
-2.25   -0.75   0.0024
-2.25   -0.7    0.0018
-2.25   -0.6    0.0026
-2.25   -0.55   0.0034
-2.25   -0.45   0.0021
-2.25   -0.4    0.0055
-2.25   -0.35   0.0016
-2.25   -0.3    0.0022
-2.25   -0.25   0.0136
-2.25   -0.2    0.0096
-2.25   -0.15   0.0022
-2.25   -0.1    0.0617
-2.25   -0.05   0.1926
-2.25   0   0.2659
-2.25   0.05    0.1916
-2.25   0.1 0.0623
-2.25   0.15    0.0028
-2.25   0.2 0.009
-2.25   0.25    0.0127
-2.25   0.3 0.002
-2.25   0.35    0.0014
-2.25   0.4 0.005
-2.25   0.45    0.0019
-2.25   0.55    0.0026
-2.25   0.6 0.0018
-2.25   0.7 0.0017
-2.25   0.75    0.0022
-2.25   0.9 0.0023
-2.25   1.05    0.0035
-2.25   1.1 0.0023
-2.25   1.2 0.0093
-2.25   1.25    0.0256
-2.25   1.3 0.0301
-2.25   1.35    0.0185
-2.25   1.4 0.0052
-2.2    -2.55   0.0014
-2.2    -1.55   0.0011
-2.2    -1.4    0.0106
-2.2    -1.35   0.0382
-2.2    -1.3    0.0618
-2.2    -1.25   0.0511
-2.2    -1.2    0.0189
-2.2    -1.1    0.0042
-2.2    -1.05   0.0063
-2.2    -1  0.0012
-2.2    -0.95   0.0011
-2.2    -0.9    0.0044
-2.2    -0.85   0.002
-2.2    -0.75   0.003
-2.2    -0.7    0.0022
-2.2    -0.6    0.0035
-2.2    -0.55   0.0046
-2.2    -0.45   0.0029
-2.2    -0.4    0.0076
-2.2    -0.35   0.0021
-2.2    -0.3    0.0031
-2.2    -0.25   0.0171
-2.2    -0.2    0.0124
-2.2    -0.15   0.003
-2.2    -0.1    0.0806
-2.2    -0.05   0.2516
-2.2    0   0.347
-2.2    0.05    0.2499
-2.2    0.1 0.0819
-2.2    0.15    0.0021
-2.2    0.2 0.0117
-2.2    0.25    0.0163
-2.2    0.3 0.003
-2.2    0.35    0.0019
-2.2    0.4 0.0069
-2.2    0.45    0.003
-2.2    0.55    0.0029
-2.2    0.6 0.0021
-2.2    0.7 0.0023
-2.2    0.75    0.0028
-2.2    0.85    0.0012
-2.2    0.9 0.003
-2.2    1.05    0.0043
-2.2    1.1 0.0029
-2.2    1.2 0.0122
-2.2    1.25    0.0333
-2.2    1.3 0.0392
-2.2    1.35    0.0242
-2.2    1.4 0.0068
-2.2    2.6 0.0011
-2.15   -1.4    0.0047
-2.15   -1.35   0.0178
-2.15   -1.3    0.0298
-2.15   -1.25   0.0261
-2.15   -1.2    0.0098
-2.15   -1.1    0.0019
-2.15   -1.05   0.0032
-2.15   -0.9    0.0023
-2.15   -0.85   0.0012
-2.15   -0.75   0.0011
-2.15   -0.6    0.0017
-2.15   -0.55   0.0023
-2.15   -0.45   0.0014
-2.15   -0.4    0.0036
-2.15   -0.35   0.0011
-2.15   -0.3    0.0013
-2.15   -0.25   0.0081
-2.15   -0.2    0.0059
-2.15   -0.15   0.0013
-2.15   -0.1    0.0375
-2.15   -0.05   0.1179
-2.15   0   0.1648
-2.15   0.05    0.1202
-2.15   0.1 0.0395
-2.15   0.15    0.0019
-2.15   0.2 0.0052
-2.15   0.25    0.0079
-2.15   0.3 0.0015
-2.15   0.4 0.0036
-2.15   0.45    0.0018
-2.15   0.55    0.0011
-2.15   0.7 0.0011
-2.15   0.75    0.0014
-2.15   0.9 0.0014
-2.15   1.05    0.002
-2.15   1.1 0.0014
-2.15   1.2 0.0054
-2.15   1.25    0.0153
-2.15   1.3 0.0185
-2.15   1.35    0.0114
-2.15   1.4 0.0034
-2.1    -1.3    0.001
-2.1    -1.25   0.0012
-2.1    -0.1    0.0012
-2.1    -0.05   0.0029
-2.1    0   0.0062
-2.1    0.05    0.006
-2.1    0.1 0.0015
-2.05   -1.35   0.0047
-2.05   -1.3    0.0213
-2.05   -1.25   0.0366
-2.05   -1.2    0.0128
-2.05   -1.1    0.002
-2.05   -1.05   0.0022
-2.05   -0.9    0.001
-2.05   -0.75   0.0013
-2.05   -0.6    0.0013
-2.05   -0.55   0.0015
-2.05   -0.45   0.0011
-2.05   -0.4    0.0024
-2.05   -0.3    0.0012
-2.05   -0.25   0.0059
-2.05   -0.2    0.0037
-2.05   -0.15   0.0015
-2.05   -0.1    0.0306
-2.05   -0.05   0.0861
-2.05   0   0.114
-2.05   0.05    0.0794
-2.05   0.1 0.0234
-2.05   0.2 0.0037
-2.05   0.25    0.0049
-2.05   0.4 0.0016
-2.05   0.55    0.0013
-2.05   1.05    0.0015
-2.05   1.2 0.0044
-2.05   1.25    0.0112
-2.05   1.3 0.0124
-2.05   1.35    0.0072
-2.05   1.4 0.0018
-2  -1.6    0.0017
-2  -1.55   0.002
-2  -1.4    0.0051
-2  -1.35   0.0932
-2  -1.3    0.1263
-2  -1.25   0.0191
-2  -1.2    0.0043
-2  -1.1    0.0017
-2  -1.05   0.0056
-2  -1  0.0037
-2  -0.95   0.0028
-2  -0.9    0.0061
-2  -0.85   0.0017
-2  -0.75   0.0037
-2  -0.7    0.0023
-2  -0.6    0.0043
-2  -0.55   0.0051
-2  -0.45   0.0037
-2  -0.4    0.0085
-2  -0.35   0.0019
-2  -0.3    0.0039
-2  -0.25   0.0189
-2  -0.2    0.012
-2  -0.15   0.0049
-2  -0.1    0.0962
-2  -0.05   0.2792
-2  0   0.3718
-2  0.05    0.2631
-2  0.1 0.0828
-2  0.15    0.0019
-2  0.2 0.0129
-2  0.25    0.0167
-2  0.3 0.0028
-2  0.35    0.0018
-2  0.4 0.0061
-2  0.45    0.0021
-2  0.55    0.0037
-2  0.6 0.0022
-2  0.7 0.0027
-2  0.75    0.0029
-2  0.85    0.0014
-2  0.9 0.0032
-2  1.05    0.0047
-2  1.1 0.0027
-2  1.2 0.014
-2  1.25    0.0358
-2  1.3 0.0408
-2  1.35    0.0246
-2  1.4 0.0066
-2  2.6 0.0011
-1.95   -1.45   0.002
-1.95   -1.4    0.2089
-1.95   -1.35   0.211
-1.95   -1.3    0.0559
-1.95   -1.25   0.0234
-1.95   -1.2    0.0078
-1.95   -1.15   0.001
-1.95   -1.1    0.008
-1.95   -1.05   0.0068
-1.95   -0.9    0.0012
-1.95   -0.75   0.0084
-1.95   -0.7    0.0073
-1.95   -0.6    0.0062
-1.95   -0.55   0.0065
-1.95   -0.45   0.0049
-1.95   -0.4    0.0113
-1.95   -0.35   0.003
-1.95   -0.3    0.0052
-1.95   -0.25   0.0268
-1.95   -0.2    0.0169
-1.95   -0.15   0.0054
-1.95   -0.1    0.1311
-1.95   -0.05   0.3744
-1.95   0   0.4946
-1.95   0.05    0.3494
-1.95   0.1 0.1106
-1.95   0.15    0.0048
-1.95   0.2 0.0159
-1.95   0.25    0.022
-1.95   0.3 0.0038
-1.95   0.35    0.0024
-1.95   0.4 0.0085
-1.95   0.45    0.0032
-1.95   0.55    0.0044
-1.95   0.6 0.0026
-1.95   0.7 0.0036
-1.95   0.75    0.0039
-1.95   0.85    0.002
-1.95   0.9 0.0043
-1.95   0.95    0.001
-1.95   1   0.0012
-1.95   1.05    0.0061
-1.95   1.1 0.0037
-1.95   1.2 0.0186
-1.95   1.25    0.0473
-1.95   1.3 0.0546
-1.95   1.35    0.0329
-1.95   1.4 0.009
-1.95   2.55    0.001
-1.95   2.6 0.0014
-1.95   2.65    0.001
-1.9    -1.4    0.0018
-1.9    -1.35   0.0107
-1.9    -1.3    0.0356
-1.9    -1.25   0.0808
-1.9    -1.2    0.2448
-1.9    -1.15   0.0043
-1.9    -1.1    0.0036
-1.9    -1.05   0.0026
-1.9    -0.9    0.0026
-1.9    -0.85   0.0034
-1.9    -0.6    0.0014
-1.9    -0.55   0.0034
-1.9    -0.45   0.009
-1.9    -0.4    0.0119
-1.9    -0.35   0.0022
-1.9    -0.3    0.0038
-1.9    -0.25   0.0191
-1.9    -0.2    0.0125
-1.9    -0.15   0.0056
-1.9    -0.1    0.1086
-1.9    -0.05   0.3254
-1.9    0   0.4293
-1.9    0.05    0.299
-1.9    0.1 0.0938
-1.9    0.15    0.0031
-1.9    0.2 0.0118
-1.9    0.25    0.0165
-1.9    0.3 0.0029
-1.9    0.35    0.0016
-1.9    0.4 0.0062
-1.9    0.45    0.0026
-1.9    0.55    0.0029
-1.9    0.6 0.0017
-1.9    0.7 0.0029
-1.9    0.75    0.0028
-1.9    0.85    0.0017
-1.9    0.9 0.0035
-1.9    1   0.001
-1.9    1.05    0.005
-1.9    1.1 0.0029
-1.9    1.2 0.0149
-1.9    1.25    0.0383
-1.9    1.3 0.0436
-1.9    1.35    0.0265
-1.9    1.4 0.0071
-1.9    2.6 0.0011
-1.85   -1.35   0.0012
-1.85   -1.3    0.0023
-1.85   -1.25   0.0027
-1.85   -1.2    0.0015
-1.85   -1.05   0.0036
-1.85   -1  0.0098
-1.85   -0.95   0.0041
-1.85   -0.9    0.0027
-1.85   -0.6    0.0061
-1.85   -0.55   0.0011
-1.85   -0.3    0.0011
-1.85   -0.25   0.0233
-1.85   -0.2    0.0251
-1.85   -0.15   0.0029
-1.85   -0.1    0.0423
-1.85   -0.05   0.1223
-1.85   0   0.1763
-1.85   0.05    0.1373
-1.85   0.1 0.0478
-1.85   0.15    0.0028
-1.85   0.2 0.0055
-1.85   0.25    0.0083
-1.85   0.3 0.0016
-1.85   0.4 0.0028
-1.85   0.45    0.0013
-1.85   0.7 0.0014
-1.85   0.75    0.0012
-1.85   0.9 0.0017
-1.85   1.05    0.0024
-1.85   1.1 0.0013
-1.85   1.2 0.0074
-1.85   1.25    0.019
-1.85   1.3 0.022
-1.85   1.35    0.0134
-1.85   1.4 0.0038
-1.8    -0.8    0.0011
-1.8    -0.75   0.003
-1.8    -0.4    0.0019
-1.8    -0.1    0.0039
-1.8    -0.05   0.019
-1.8    0   0.0687
-1.8    0.05    0.0763
-1.8    0.1 0.0177
-1.8    0.25    0.0015
-1.8    1.2 0.0021
-1.8    1.25    0.0051
-1.8    1.3 0.0059
-1.8    1.35    0.0038
-1.8    1.4 0.0011
-1.75   -0.1    0.0049
-1.75   -0.05   0.0022
-1.75   0   0.0015
-1.65   -0.1    0.0021
-1.65   -0.05   0.0017
-1.6    -0.05   0.0017
-1.6    0   0.0046
-1.6    0.05    0.0106
-1.6    0.1 0.0183
-1.6    0.6 0.0011
-1.6    1.3 0.0018
-1.6    1.35    0.0013
-1.55   0   0.0016
-1.55   0.05    0.0014
-1.55   1.25    0.0055
-1.55   1.3 0.0096
-1.55   1.35    0.0014
-1.5    0.55    0.0017
-1.5    1.05    0.0021
-1.5    1.1 0.001
-1.45   0.7 0.001
-1.45   0.75    0.0036
-1.45   1.25    0.0051
-1.45   1.3 0.0112
-1.45   1.35    0.0021
-1.3    1.35    0.0013
-1.1    -0.1    0.0023
-1.1    -0.05   0.157
-1.1    0   0.5551
-1.1    0.05    0.0352
-1.1    0.1 0.0082
-1.1    0.6 0.001
-1.1    0.65    0.0034
-1.05   -0.25   0.0395
-1.05   -0.2    0.0014
-1.05   0.85    0.0016
-1.05   0.9 0.0061
-0.95   -0.45   0.0041
-0.9    -0.55   0.0011
-0.85   -0.6    0.0093