0	-0.05	0.0036
0	0	0.0053
0	0.05	0.0037
0.05	-0.05	0.0031
0.05	0	0.0045
0.05	0.05	0.0032
0.1	-0.05	0.002
0.1	0	0.003
0.1	0.05	0.0021
0.3	-1	0.0163
0.6	-0.85	0.0029
0.95	-0.5	0.005
1.05	-0.35	0.0115
1.1	-0.25	0.0026
1.15	-0.1	0.0994
1.15	-0.05	0.0047
1.15	0	0.0026
1.2	-0.05	0.0024
1.2	0	0.0273
1.2	0.05	0.0678
1.2	0.1	0.0024
1.25	0.2	0.006
1.25	0.25	0.0096
1.3	0.5	0.0032
1.35	0.85	0.003
1.35	0.95	0.0051
1.35	1	0.0024
1.4	1.15	0.0059
1.4	1.2	0.0432
1.4	1.25	0.0869
1.4	1.3	0.1188
1.4	1.35	0.0021
1.45	-1.3	0.0036
1.45	-1.25	0.0159
1.45	-1.2	0.0414
1.45	-1.15	0.0398
1.6	-1.3	0.0034
1.6	-1.25	0.0092
1.6	-1.2	0.011
1.6	-1.15	0.0023
1.6	-0.1	0.0046
1.6	-0.05	0.0247
1.6	0	0.1869
1.6	0.05	0.0848
1.6	0.1	0.0258
1.65	-1.3	0.003
1.65	-1.25	0.0078
1.65	-1.2	0.0096
1.65	-1.15	0.0058
1.65	-0.4	0.0028
1.65	-0.05	0.005
1.65	0	0.007
1.65	0.05	0.0051
1.65	0.4	0.0022
1.65	0.55	0.0025
1.65	2.5	0.0062
1.7	-1.3	0.0028
1.7	-1.25	0.0072
1.7	-1.2	0.009
1.7	-1.15	0.0053
1.7	-0.1	0.0115
1.7	-0.05	0.2074
1.7	0	0.2392
1.7	0.05	0.0481
1.7	0.1	0.0067
1.75	-1.2	0.0025
1.75	0	0.0024
1.75	1.25	0.0034
1.75	1.3	0.0043
1.8	-0.05	0.0039
1.8	0	0.0128
1.8	0.05	0.0098
1.8	0.1	0.0034
1.85	-1.3	0.0066
1.85	-1.25	0.0171
1.85	-1.2	0.0203
1.85	-1.15	0.0114
1.85	-1	0.002
1.85	-0.25	0.0041
1.85	-0.2	0.0049
1.85	-0.1	0.0258
1.85	-0.05	0.0922
1.85	0	0.1262
1.85	0.05	0.0788
1.85	0.1	0.0172
1.85	0.25	0.0021
1.85	0.35	0.0038
1.85	0.4	0.0031
1.85	1	0.0064
1.85	1.1	0.0122
1.85	1.15	0.0501
1.85	1.2	0.0205
1.85	1.25	0.0071
1.9	-1.3	0.0202
1.9	-1.25	0.0522
1.9	-1.2	0.0631
1.9	-1.15	0.0354
1.9	-1.1	0.0052
1.9	-1	0.0063
1.9	-0.95	0.0021
1.9	-0.85	0.0038
1.9	-0.7	0.0034
1.9	-0.55	0.0039
1.9	-0.5	0.0027
1.9	-0.4	0.0056
1.9	-0.35	0.0048
1.9	-0.25	0.0123
1.9	-0.2	0.0146
1.9	-0.1	0.0752
1.9	-0.05	0.2742
1.9	0	0.4017
1.9	0.05	0.2917
1.9	0.1	0.0816
1.9	0.2	0.019
1.9	0.25	0.0161
1.9	0.35	0.0058
1.9	0.4	0.0052
1.9	0.65	0.0027
1.9	0.7	0.0111
1.9	1.15	0.0075
1.9	1.2	0.0173
1.9	1.25	0.0203
1.9	1.3	0.0134
1.9	1.35	0.0043
1.9	1.45	0.0129
1.9	2.4	0.0123
1.9	2.45	0.0104
1.95	-2.45	0.0022
1.95	-1.45	0.0023
1.95	-1.35	0.0034
1.95	-1.3	0.0362
1.95	-1.25	0.0937
1.95	-1.2	0.1135
1.95	-1.15	0.0645
1.95	-1.1	0.0095
1.95	-1.05	0.0029
1.95	-1	0.0112
1.95	-0.95	0.0036
1.95	-0.85	0.0068
1.95	-0.8	0.0031
1.95	-0.7	0.0062
1.95	-0.65	0.0036
1.95	-0.55	0.0075
1.95	-0.5	0.0052
1.95	-0.4	0.0111
1.95	-0.35	0.0096
1.95	-0.25	0.0238
1.95	-0.2	0.0285
1.95	-0.15	0.0036
1.95	-0.1	0.1376
1.95	-0.05	0.4954
1.95	0	0.706
1.95	0.05	0.4986
1.95	0.1	0.1419
1.95	0.2	0.0297
1.95	0.25	0.0251
1.95	0.35	0.0107
1.95	0.4	0.0126
1.95	0.5	0.0064
1.95	0.55	0.0096
1.95	0.65	0.0047
1.95	0.7	0.0079
1.95	0.95	0.0021
1.95	1	0.0218
1.95	1.05	0.0101
1.95	1.1	0.0195
1.95	1.15	0.122
1.95	1.2	0.0584
1.95	1.25	0.0282
1.95	1.3	0.0083
2	-2.5	0.0021
2	-2.45	0.003
2	-1.45	0.0031
2	-1.35	0.0047
2	-1.3	0.0491
2	-1.25	0.1269
2	-1.2	0.1526
2	-1.15	0.0858
2	-1.1	0.0126
2	-1.05	0.0035
2	-1	0.0146
2	-0.95	0.0047
2	-0.85	0.0092
2	-0.8	0.0041
2	-0.7	0.0084
2	-0.65	0.0047
2	-0.55	0.0098
2	-0.5	0.007
2	-0.4	0.0147
2	-0.35	0.0133
2	-0.25	0.0325
2	-0.2	0.0394
2	-0.1	0.1911
2	-0.05	0.6815
2	0	0.9711
2	0.05	0.6805
2	0.1	0.1903
2	0.15	0.0044
2	0.2	0.0389
2	0.25	0.0321
2	0.35	0.0135
2	0.4	0.0157
2	0.5	0.0072
2	0.55	0.0106
2	0.65	0.0053
2	0.7	0.0097
2	0.8	0.0049
2	0.85	0.0119
2	0.9	0.0023
2	0.95	0.0084
2	1	0.0291
2	1.05	0.0035
2	1.1	0.007
2	1.15	0.0263
2	1.2	0.0443
2	1.25	0.0458
2	1.3	0.0339
2	1.35	0.0074
2	1.4	0.0054
2	1.45	0.0077
2.05	-2.5	0.0022
2.05	-2.45	0.0031
2.05	-2.4	0.0021
2.05	-1.45	0.0032
2.05	-1.35	0.0044
2.05	-1.3	0.0503
2.05	-1.25	0.1302
2.05	-1.2	0.157
2.05	-1.15	0.0884
2.05	-1.1	0.0133
2.05	-1.05	0.0039
2.05	-1	0.0151
2.05	-0.95	0.0046
2.05	-0.85	0.0094
2.05	-0.8	0.0042
2.05	-0.7	0.0083
2.05	-0.65	0.0048
2.05	-0.55	0.0098
2.05	-0.5	0.0069
2.05	-0.4	0.0149
2.05	-0.35	0.0133
2.05	-0.25	0.0325
2.05	-0.2	0.0397
2.05	-0.15	0.0037
2.05	-0.1	0.1944
2.05	-0.05	0.7043
2.05	0	1.0041
2.05	0.05	0.7059
2.05	0.1	0.1967
2.05	0.15	0.0024
2.05	0.2	0.0402
2.05	0.25	0.0332
2.05	0.35	0.0143
2.05	0.4	0.0159
2.05	0.5	0.0074
2.05	0.55	0.0105
2.05	0.65	0.0051
2.05	0.7	0.0094
2.05	0.8	0.0046
2.05	0.85	0.0108
2.05	0.95	0.0057
2.05	1	0.0176
2.05	1.05	0.0043
2.05	1.1	0.015
2.05	1.15	0.104
2.05	1.2	0.1925
2.05	1.25	0.2087
2.05	1.3	0.0824
2.05	1.35	0.0088
2.05	2.4	0.0107
2.05	2.45	0.0254
2.05	2.5	0.0052
2.1	-2.45	0.0024
2.1	-1.45	0.0024
2.1	-1.35	0.0039
2.1	-1.3	0.0381
2.1	-1.25	0.1006
2.1	-1.2	0.1209
2.1	-1.15	0.0676
2.1	-1.1	0.01
2.1	-1.05	0.0029
2.1	-1	0.0116
2.1	-0.95	0.0037
2.1	-0.85	0.0076
2.1	-0.8	0.0033
2.1	-0.7	0.0069
2.1	-0.65	0.0037
2.1	-0.55	0.0078
2.1	-0.5	0.0055
2.1	-0.4	0.0115
2.1	-0.35	0.0105
2.1	-0.25	0.0242
2.1	-0.2	0.03
2.1	-0.1	0.1481
2.1	-0.05	0.5286
2.1	0	0.7694
2.1	0.05	0.543
2.1	0.1	0.1524
2.1	0.15	0.0036
2.1	0.2	0.0323
2.1	0.25	0.0259
2.1	0.35	0.0116
2.1	0.4	0.013
2.1	0.5	0.0059
2.1	0.55	0.0085
2.1	0.65	0.0041
2.1	0.7	0.0073
2.1	0.8	0.0035
2.1	0.85	0.0081
2.1	0.95	0.0041
2.1	1	0.0136
2.1	1.05	0.0037
2.1	1.1	0.0119
2.1	1.15	0.0818
2.1	1.2	0.1452
2.1	1.25	0.1199
2.1	1.3	0.0448
2.1	1.35	0.0041
2.1	1.45	0.0025
2.15	-1.3	0.0208
2.15	-1.25	0.0549
2.15	-1.2	0.0668
2.15	-1.15	0.0373
2.15	-1.1	0.0057
2.15	-1	0.0065
2.15	-0.85	0.0043
2.15	-0.7	0.0039
2.15	-0.65	0.0022
2.15	-0.55	0.0046
2.15	-0.5	0.0032
2.15	-0.4	0.0069
2.15	-0.35	0.0061
2.15	-0.25	0.0139
2.15	-0.2	0.0174
2.15	-0.1	0.0814
2.15	-0.05	0.2954
2.15	0	0.4215
2.15	0.05	0.2975
2.15	0.1	0.0825
2.15	0.2	0.0174
2.15	0.25	0.0141
2.15	0.35	0.0068
2.15	0.4	0.0073
2.15	0.5	0.0037
2.15	0.55	0.0051
2.15	0.65	0.0025
2.15	0.7	0.0043
2.15	0.8	0.0021
2.15	0.85	0.0049
2.15	0.95	0.0023
2.15	1	0.0075
2.15	1.1	0.0061
2.15	1.15	0.0442
2.15	1.2	0.0809
2.15	1.25	0.0685
2.15	1.3	0.0272
2.15	1.35	0.0025
2.15	2.4	0.0025
2.15	2.45	0.0077
2.15	2.5	0.0026
2.2	-1.3	0.0072
2.2	-1.25	0.0191
2.2	-1.2	0.0227
2.2	-1.15	0.0131
2.2	-1	0.0021
2.2	-0.4	0.0026
2.2	-0.35	0.0024
2.2	-0.25	0.005
2.2	-0.2	0.0062
2.2	-0.1	0.0275
2.2	-0.05	0.1036
2.2	0	0.1463
2.2	0.05	0.101
2.2	0.1	0.0297
2.2	0.2	0.006
2.2	0.25	0.0044
2.2	0.35	0.0024
2.2	0.4	0.0025
2.2	1	0.0027
2.2	1.1	0.0021
2.2	1.15	0.015
2.2	1.2	0.0268
2.2	1.25	0.022
2.2	1.3	0.0084
2.25	-1.2	0.0024
2.25	-0.1	0.0032
2.25	-0.05	0.0106
2.25	0	0.0149
2.25	0.05	0.0103
2.25	0.1	0.0027
2.25	1.2	0.003
2.25	1.25	0.0025
2.3	-0.05	0.005
2.3	0	0.007
2.3	0.05	0.0051
2.35	-1.25	0.0048
2.35	-1.2	0.0058
2.35	-1.15	0.0034
2.35	-0.1	0.0079
2.35	-0.05	0.0261
2.35	0	0.0367
2.35	0.05	0.0264
2.35	0.1	0.0075
2.35	1.15	0.004
2.35	1.2	0.007
2.35	1.25	0.0059
2.35	1.3	0.0023
2.4	-1.3	0.0022
2.4	-1.25	0.0055
2.4	-1.2	0.0066
2.4	-1.15	0.0038
2.4	-0.1	0.0091
2.4	-0.05	0.0297
2.4	0	0.0421
2.4	0.05	0.0296
2.4	0.1	0.0086
2.4	1.15	0.0046
2.4	1.2	0.0079
2.4	1.25	0.0066
2.4	1.3	0.0025
2.45	-1.25	0.0025
2.45	-1.2	0.003
2.45	-0.1	0.0042
2.45	-0.05	0.0138
2.45	0	0.0191
2.45	0.05	0.0135
2.45	0.1	0.0037
2.45	1.15	0.0021
2.45	1.2	0.0037
2.45	1.25	0.003
2.55	-0.05	0.0063
2.55	0	0.0089
2.55	0.05	0.0062
2.6	-1.25	0.0042
2.6	-1.2	0.0051
2.6	-1.15	0.0029
2.6	-0.1	0.0061
2.6	-0.05	0.0222
2.6	0	0.0326
2.6	0.05	0.0228
2.6	0.1	0.0068
2.6	1.15	0.0034
2.6	1.2	0.006
2.6	1.25	0.0051
2.6	1.3	0.002
2.65	-1.3	0.0023
2.65	-1.25	0.0059
2.65	-1.2	0.0072
2.65	-1.15	0.0041
2.65	-0.1	0.0086
2.65	-0.05	0.0317
2.65	0	0.0454
2.65	0.05	0.0324
2.65	0.1	0.0092
2.65	1.15	0.0048
2.65	1.2	0.0086
2.65	1.25	0.0072
2.65	1.3	0.0029
2.7	-1.25	0.0047
2.7	-1.2	0.0057
2.7	-1.15	0.0033
2.7	-0.1	0.0069
2.7	-0.05	0.0249
2.7	0	0.0361
2.7	0.05	0.0256
2.7	0.1	0.0076
2.7	1.15	0.0038
2.7	1.2	0.0068
2.7	1.25	0.0058
2.7	1.3	0.0023
2.75	-1.2	0.0024
2.75	-0.1	0.0028
2.75	-0.05	0.0101
2.75	0	0.0145
2.75	0.05	0.0107
2.75	0.1	0.0031
2.75	1.2	0.0027
2.75	1.25	0.0024
2.85	-0.05	0.0032
2.85	0	0.0043
2.85	0.05	0.0028
2.9	-1.2	0.0023
2.9	-0.1	0.0029
2.9	-0.05	0.0102
2.9	0	0.0145
2.9	0.05	0.0099
2.9	0.1	0.0026
2.9	1.2	0.0027
2.9	1.25	0.0023
2.95	-1.25	0.0024
2.95	-1.2	0.0029
2.95	-0.1	0.0036
2.95	-0.05	0.0127
2.95	0	0.0182
2.95	0.05	0.0129
2.95	0.1	0.0036
2.95	1.2	0.0034
2.95	1.25	0.0029
3	-0.1	0.0023
3	-0.05	0.008
3	0	0.0116
3	0.05	0.0082
3	0.1	0.0024
3	1.2	0.0022
3.05	0	0.0025
3.15	-0.05	0.005
3.15	0	0.0069
3.15	0.05	0.0048
3.2	-0.1	0.0024
3.2	-0.05	0.0084
3.2	0	0.012
3.2	0.05	0.0084
3.2	0.1	0.0023
3.2	1.2	0.0023
3.25	-0.05	0.0062
3.25	0	0.0089
3.25	0.05	0.0063
3.3	0	0.0021
3.35	-0.05	0.002
3.35	0	0.0028
3.35	0.05	0.0021
3.4	-1.2	0.0023
3.4	-0.1	0.0027
3.4	-0.05	0.0097
3.4	0	0.014
3.4	0.05	0.0101
3.4	0.1	0.003
3.4	1.2	0.0026
3.4	1.25	0.0022
3.45	-1.25	0.0031
3.45	-1.2	0.0038
3.45	-1.15	0.0022
3.45	-0.1	0.0041
3.45	-0.05	0.0155
3.45	0	0.0228
3.45	0.05	0.0164
3.45	0.1	0.0048
3.45	1.15	0.0023
3.45	1.2	0.0042
3.45	1.25	0.0036
3.5	-1.25	0.0021
3.5	-1.2	0.0027
3.5	-0.1	0.0027
3.5	-0.05	0.0107
3.5	0	0.0158
3.5	0.05	0.0116
3.5	0.1	0.0034
3.5	1.2	0.0029
3.5	1.25	0.0025
3.6	-0.05	0.0058
3.6	0	0.0076
3.6	0.05	0.005
3.65	-1.3	0.0025
3.65	-1.25	0.0063
3.65	-1.2	0.0074
3.65	-1.15	0.004
3.65	-0.1	0.0092
3.65	-0.05	0.0318
3.65	0	0.0455
3.65	0.05	0.0314
3.65	0.1	0.0091
3.65	1.15	0.0049
3.65	1.2	0.0086
3.65	1.25	0.0071
3.65	1.3	0.0027
3.7	-1.3	0.0044
3.7	-1.25	0.0113
3.7	-1.2	0.0136
3.7	-1.15	0.0076
3.7	-0.25	0.0028
3.7	-0.2	0.0032
3.7	-0.1	0.0161
3.7	-0.05	0.058
3.7	0	0.0827
3.7	0.05	0.058
3.7	0.1	0.0159
3.7	0.2	0.0033
3.7	0.25	0.0028
3.7	1.15	0.0087
3.7	1.2	0.0156
3.7	1.25	0.0129
3.7	1.3	0.0051
3.75	-1.3	0.0036
3.75	-1.25	0.0095
3.75	-1.2	0.0114
3.75	-1.15	0.0064
3.75	-0.25	0.0023
3.75	-0.2	0.0029
3.75	-0.1	0.013
3.75	-0.05	0.048
3.75	0	0.0699
3.75	0.05	0.0485
3.75	0.1	0.0137
3.75	0.2	0.0029
3.75	0.25	0.0024
3.75	1.15	0.0073
3.75	1.2	0.0129
3.75	1.25	0.0109
3.75	1.3	0.0042
3.8	-1.2	0.0022
3.8	-0.1	0.0025
3.8	-0.05	0.0086
3.8	0	0.0131
3.8	0.05	0.0097
3.8	0.1	0.0025
3.8	1.2	0.0024
3.8	1.25	0.002
3.85	-1.25	0.0041
3.85	-1.2	0.0046
3.85	-1.15	0.0025
3.85	-0.1	0.0057
3.85	-0.05	0.0206
3.85	0	0.0291
3.85	0.05	0.0198
3.85	0.1	0.0052
3.85	1.15	0.0034
3.85	1.2	0.0053
3.85	1.25	0.0044
3.9	-1.3	0.0158
3.9	-1.25	0.0394
3.9	-1.2	0.0466
3.9	-1.15	0.0265
3.9	-1.1	0.0035
3.9	-1	0.0046
3.9	-0.85	0.0027
3.9	-0.7	0.0024
3.9	-0.55	0.0029
3.9	-0.5	0.002
3.9	-0.4	0.0041
3.9	-0.35	0.0036
3.9	-0.25	0.0093
3.9	-0.2	0.0114
3.9	-0.1	0.0539
3.9	-0.05	0.2008
3.9	0	0.2819
3.9	0.05	0.2009
3.9	0.1	0.0552
3.9	0.2	0.0119
3.9	0.25	0.0098
3.9	0.35	0.0038
3.9	0.4	0.0046
3.9	0.5	0.0021
3.9	0.55	0.003
3.9	0.7	0.0026
3.9	0.85	0.0029
3.9	1	0.0051
3.9	1.1	0.0043
3.9	1.15	0.0302
3.9	1.2	0.0533
3.9	1.25	0.0443
3.9	1.3	0.0178
3.95	-2.5	0.0023
3.95	-2.45	0.0032
3.95	-2.4	0.0021
3.95	-1.45	0.003
3.95	-1.35	0.0044
3.95	-1.3	0.0449
3.95	-1.25	0.1166
3.95	-1.2	0.1392
3.95	-1.15	0.079
3.95	-1.1	0.0107
3.95	-1.05	0.0036
3.95	-1	0.0135
3.95	-0.95	0.0043
3.95	-0.85	0.0082
3.95	-0.8	0.0037
3.95	-0.7	0.0074
3.95	-0.65	0.0041
3.95	-0.55	0.0087
3.95	-0.5	0.0059
3.95	-0.4	0.0128
3.95	-0.35	0.0114
3.95	-0.25	0.0278
3.95	-0.2	0.0349
3.95	-0.15	0.0023
3.95	-0.1	0.1653
3.95	-0.05	0.5878
3.95	0	0.8528
3.95	0.05	0.5921
3.95	0.1	0.1681
3.95	0.15	0.002
3.95	0.2	0.0361
3.95	0.25	0.0288
3.95	0.35	0.0121
3.95	0.4	0.0136
3.95	0.5	0.0062
3.95	0.55	0.0093
3.95	0.65	0.0044
3.95	0.7	0.008
3.95	0.8	0.004
3.95	0.85	0.0089
3.95	0.95	0.005
3.95	1	0.0149
3.95	1.05	0.0038
3.95	1.1	0.0122
3.95	1.15	0.0894
3.95	1.2	0.1578
3.95	1.25	0.1334
3.95	1.3	0.0507
3.95	1.35	0.0049
3.95	1.45	0.0035
4	-2.5	0.0042
4	-2.45	0.0059
4	-2.4	0.0039
4	-1.45	0.0054
4	-1.4	0.0024
4	-1.35	0.0074
4	-1.3	0.0832
4	-1.25	0.2152
4	-1.2	0.2601
4	-1.15	0.144
4	-1.1	0.0212
4	-1.05	0.0065
4	-1	0.0256
4	-0.95	0.0079
4	-0.9	0.0027
4	-0.85	0.0155
4	-0.8	0.0067
4	-0.7	0.0137
4	-0.65	0.0077
4	-0.55	0.0158
4	-0.5	0.0112
4	-0.4	0.0243
4	-0.35	0.0212
4	-0.25	0.0523
4	-0.2	0.0632
4	-0.15	0.0059
4	-0.1	0.2938
4	-0.05	1.0854
4	0	1.5563
4	0.05	1.0977
4	0.1	0.3004
4	0.15	0.0078
4	0.2	0.0648
4	0.25	0.0545
4	0.35	0.0223
4	0.4	0.0253
4	0.5	0.0117
4	0.55	0.0169
4	0.65	0.0083
4	0.7	0.0147
4	0.8	0.0073
4	0.85	0.0168
4	0.9	0.0031
4	0.95	0.0089
4	1	0.0286
4	1.05	0.0075
4	1.1	0.0245
4	1.15	0.1633
4	1.2	0.2936
4	1.25	0.2449
4	1.3	0.0947
4	1.35	0.0081
4	1.4	0.0028
4	1.45	0.0063
4.05	-2.5	0.0056
4.05	-2.45	0.0079
4.05	-2.4	0.0053
4.05	-1.45	0.0075
4.05	-1.4	0.0032
4.05	-1.35	0.0106
4.05	-1.3	0.111
4.05	-1.25	0.2911
4.05	-1.2	0.347
4.05	-1.15	0.1953
4.05	-1.1	0.0268
4.05	-1.05	0.0091
4.05	-1	0.0337
4.05	-0.95	0.011
4.05	-0.9	0.0034
4.05	-0.85	0.0206
4.05	-0.8	0.0091
4.05	-0.7	0.0186
4.05	-0.65	0.0104
4.05	-0.55	0.0222
4.05	-0.5	0.0151
4.05	-0.45	0.0022
4.05	-0.4	0.0328
4.05	-0.35	0.0291
4.05	-0.3	0.0027
4.05	-0.25	0.0703
4.05	-0.2	0.0891
4.05	-0.15	0.0068
4.05	-0.1	0.4117
4.05	-0.05	1.4739
4.05	0	2.125
4.05	0.05	1.4797
4.05	0.1	0.4187
4.05	0.15	0.004
4.05	0.2	0.0897
4.05	0.25	0.0726
4.05	0.3	0.003
4.05	0.35	0.0303
4.05	0.4	0.0339
4.05	0.5	0.0159
4.05	0.55	0.0232
4.05	0.6	0.0021
4.05	0.65	0.0111
4.05	0.7	0.0204
4.05	0.75	0.0022
4.05	0.8	0.01
4.05	0.85	0.0227
4.05	0.9	0.0035
4.05	0.95	0.0123
4.05	1	0.0376
4.05	1.05	0.01
4.05	1.1	0.0307
4.05	1.15	0.2215
4.05	1.2	0.3946
4.05	1.25	0.3328
4.05	1.3	0.1278
4.05	1.35	0.0128
4.05	1.4	0.0036
4.05	1.45	0.0087
4.1	-2.5	0.0058
4.1	-2.45	0.0082
4.1	-2.4	0.0055
4.1	-1.45	0.0077
4.1	-1.4	0.0034
4.1	-1.35	0.0106
4.1	-1.3	0.1172
4.1	-1.25	0.3025
4.1	-1.2	0.3658
4.1	-1.15	0.2032
4.1	-1.1	0.0302
4.1	-1.05	0.0091
4.1	-1	0.036
4.1	-0.95	0.0115
4.1	-0.9	0.0037
4.1	-0.85	0.0217
4.1	-0.8	0.0093
4.1	-0.75	0.0024
4.1	-0.7	0.0194
4.1	-0.65	0.0108
4.1	-0.6	0.002
4.1	-0.55	0.0225
4.1	-0.5	0.0159
4.1	-0.4	0.0341
4.1	-0.35	0.0303
4.1	-0.25	0.0743
4.1	-0.2	0.0903
4.1	-0.15	0.0059
4.1	-0.1	0.4172
4.1	-0.05	1.5353
4.1	0	2.1982
4.1	0.05	1.5469
4.1	0.1	0.4249
4.1	0.15	0.01
4.1	0.2	0.0919
4.1	0.25	0.0764
4.1	0.3	0.0028
4.1	0.35	0.0308
4.1	0.4	0.0354
4.1	0.5	0.0166
4.1	0.55	0.0238
4.1	0.65	0.0117
4.1	0.7	0.0207
4.1	0.75	0.0026
4.1	0.8	0.0103
4.1	0.85	0.0236
4.1	0.9	0.0042
4.1	0.95	0.0125
4.1	1	0.0403
4.1	1.05	0.0105
4.1	1.1	0.0338
4.1	1.15	0.2301
4.1	1.2	0.4136
4.1	1.25	0.3454
4.1	1.3	0.1343
4.1	1.35	0.0111
4.1	1.4	0.004
4.1	1.45	0.0089
4.15	-2.5	0.0047
4.15	-2.45	0.0066
4.15	-2.4	0.0044
4.15	-1.45	0.0063
4.15	-1.4	0.0028
4.15	-1.35	0.0091
4.15	-1.3	0.0932
4.15	-1.25	0.2433
4.15	-1.2	0.2918
4.15	-1.15	0.1639
4.15	-1.1	0.0225
4.15	-1.05	0.008
4.15	-1	0.0285
4.15	-0.95	0.0091
4.15	-0.9	0.0028
4.15	-0.85	0.017
4.15	-0.8	0.0075
4.15	-0.7	0.0155
4.15	-0.65	0.0087
4.15	-0.55	0.0184
4.15	-0.5	0.0124
4.15	-0.4	0.0276
4.15	-0.35	0.024
4.15	-0.3	0.0029
4.15	-0.25	0.0593
4.15	-0.2	0.0746
4.15	-0.15	0.0053
4.15	-0.1	0.3491
4.15	-0.05	1.2351
4.15	0	1.7739
4.15	0.05	1.2309
4.15	0.1	0.3471
4.15	0.15	0.0021
4.15	0.2	0.075
4.15	0.25	0.0601
4.15	0.3	0.0023
4.15	0.35	0.0254
4.15	0.4	0.0278
4.15	0.5	0.0134
4.15	0.55	0.0192
4.15	0.65	0.0093
4.15	0.7	0.017
4.15	0.8	0.0085
4.15	0.85	0.019
4.15	0.9	0.0029
4.15	0.95	0.0105
4.15	1	0.0313
4.15	1.05	0.0084
4.15	1.1	0.0259
4.15	1.15	0.186
4.15	1.2	0.3306
4.15	1.25	0.2783
4.15	1.3	0.1075
4.15	1.35	0.0105
4.15	1.4	0.0031
4.15	1.45	0.0073
4.2	-2.5	0.0028
4.2	-2.45	0.004
4.2	-2.4	0.0026
4.2	-1.45	0.0037
4.2	-1.35	0.0051
4.2	-1.3	0.0567
4.2	-1.25	0.1443
4.2	-1.2	0.1744
4.2	-1.15	0.0973
4.2	-1.1	0.0142
4.2	-1.05	0.0043
4.2	-1	0.0171
4.2	-0.95	0.0054
4.2	-0.85	0.0104
4.2	-0.8	0.0044
4.2	-0.7	0.0092
4.2	-0.65	0.0051
4.2	-0.55	0.0107
4.2	-0.5	0.0075
4.2	-0.4	0.0162
4.2	-0.35	0.0141
4.2	-0.25	0.0353
4.2	-0.2	0.0424
4.2	-0.15	0.0039
4.2	-0.1	0.1981
4.2	-0.05	0.7278
4.2	0	1.0468
4.2	0.05	0.7321
4.2	0.1	0.2045
4.2	0.15	0.0047
4.2	0.2	0.0438
4.2	0.25	0.0363
4.2	0.35	0.0147
4.2	0.4	0.0167
4.2	0.5	0.0079
4.2	0.55	0.0113
4.2	0.65	0.0055
4.2	0.7	0.0099
4.2	0.8	0.005
4.2	0.85	0.0112
4.2	0.95	0.0059
4.2	1	0.019
4.2	1.05	0.005
4.2	1.1	0.0165
4.2	1.15	0.1095
4.2	1.2	0.1956
4.2	1.25	0.164
4.2	1.3	0.0641
4.2	1.35	0.0053
4.2	1.45	0.0042
4.25	-1.35	0.0021
4.25	-1.3	0.0214
4.25	-1.25	0.0549
4.25	-1.2	0.066
4.25	-1.15	0.0377
4.25	-1.1	0.0053
4.25	-1	0.0064
4.25	-0.95	0.002
4.25	-0.85	0.0038
4.25	-0.7	0.0035
4.25	-0.55	0.0041
4.25	-0.5	0.0029
4.25	-0.4	0.0063
4.25	-0.35	0.0053
4.25	-0.25	0.0135
4.25	-0.2	0.0166
4.25	-0.1	0.0786
4.25	-0.05	0.2802
4.25	0	0.4016
4.25	0.05	0.2769
4.25	0.1	0.0782
4.25	0.2	0.0169
4.25	0.25	0.0139
4.25	0.35	0.0057
4.25	0.4	0.0062
4.25	0.5	0.0031
4.25	0.55	0.0043
4.25	0.65	0.0021
4.25	0.7	0.0038
4.25	0.85	0.0043
4.25	0.95	0.0025
4.25	1	0.0071
4.25	1.1	0.0063
4.25	1.15	0.0425
4.25	1.2	0.0745
4.25	1.25	0.0627
4.25	1.3	0.0237
4.25	1.35	0.0024
4.3	-1.3	0.003
4.3	-1.25	0.0081
4.3	-1.2	0.0095
4.3	-1.15	0.005
4.3	-0.25	0.002
4.3	-0.2	0.0021
4.3	-0.1	0.0115
4.3	-0.05	0.042
4.3	0	0.0574
4.3	0.05	0.0395
4.3	0.1	0.0114
4.3	0.2	0.0024
4.3	1.15	0.0062
4.3	1.2	0.0108
4.3	1.25	0.0089
4.3	1.3	0.0033
4.35	-0.05	0.0054
4.35	0	0.0076
4.35	0.05	0.0049
4.4	-1.3	0.0041
4.4	-1.25	0.0109
4.4	-1.2	0.013
4.4	-1.15	0.0071
4.4	-0.25	0.0028
4.4	-0.2	0.0034
4.4	-0.1	0.0143
4.4	-0.05	0.0536
4.4	0	0.0782
4.4	0.05	0.055
4.4	0.1	0.0154
4.4	0.2	0.0035
4.4	0.25	0.0028
4.4	1.15	0.008
4.4	1.2	0.0145
4.4	1.25	0.0121
4.4	1.3	0.0047
4.45	-1.3	0.006
4.45	-1.25	0.0157
4.45	-1.2	0.0187
4.45	-1.15	0.0104
4.45	-0.25	0.0039
4.45	-0.2	0.005
4.45	-0.1	0.0212
4.45	-0.05	0.0786
4.45	0	0.1132
4.45	0.05	0.0786
4.45	0.1	0.0215
4.45	0.2	0.0049
4.45	0.25	0.0039
4.45	1	0.0021
4.45	1.15	0.0116
4.45	1.2	0.021
4.45	1.25	0.0177
4.45	1.3	0.0068
4.5	-1.3	0.004
4.5	-1.25	0.0104
4.5	-1.2	0.0124
4.5	-1.15	0.0069
4.5	-0.25	0.0027
4.5	-0.2	0.0033
4.5	-0.1	0.014
4.5	-0.05	0.0517
4.5	0	0.0746
4.5	0.05	0.0518
4.5	0.1	0.014
4.5	0.2	0.0033
4.5	0.25	0.0026
4.5	1.15	0.0078
4.5	1.2	0.0139
4.5	1.25	0.0116
4.5	1.3	0.0045
4.55	-1.25	0.0027
4.55	-1.2	0.0032
4.55	-0.1	0.0041
4.55	-0.05	0.0135
4.55	0	0.0194
4.55	0.05	0.014
4.55	0.1	0.0034
4.55	1.15	0.0021
4.55	1.2	0.0036
4.55	1.25	0.003
4.65	-1.25	0.0024
4.65	-1.2	0.0029
4.65	-0.1	0.0033
4.65	-0.05	0.0121
4.65	0	0.0175
4.65	0.05	0.0124
4.65	0.1	0.0034
4.65	1.2	0.0033
4.65	1.25	0.0028
4.7	-1.25	0.0045
4.7	-1.2	0.0054
4.7	-1.15	0.003
4.7	-0.1	0.0062
4.7	-0.05	0.0224
4.7	0	0.0322
4.7	0.05	0.0225
4.7	0.1	0.0062
4.7	1.15	0.0033
4.7	1.2	0.006
4.7	1.25	0.005
4.75	-1.25	0.0035
4.75	-1.2	0.0041
4.75	-1.15	0.0023
4.75	-0.1	0.0047
4.75	-0.05	0.0175
4.75	0	0.0247
4.75	0.05	0.0172
4.75	0.1	0.0046
4.75	1.15	0.0026
4.75	1.2	0.0047
4.75	1.25	0.0039
4.8	-0.05	0.0052
4.8	0	0.0074
4.8	0.05	0.005
4.9	-0.05	0.0038
4.9	0	0.0056
4.9	0.05	0.0039
4.95	-0.1	0.0021
4.95	-0.05	0.0077
4.95	0	0.011
4.95	0.05	0.0077
4.95	0.1	0.0021
4.95	1.2	0.0021
5	-0.05	0.0058
5	0	0.0082
5	0.05	0.0056
5.15	-0.05	0.0029
5.15	0	0.0041
5.15	0.05	0.0029
5.2	-0.05	0.0046
5.2	0	0.0066
5.2	0.05	0.0045
5.25	-0.05	0.0032
5.25	0	0.0044
5.25	0.05	0.003
5.4	0	0.0021
5.45	0	0.0027
5.75	-0.05	0.0027
5.75	0	0.0038
5.75	0.05	0.0026
5.8	-0.05	0.0032
5.8	0	0.0046
5.8	0.05	0.0032
5.9	-0.05	0.0038
5.9	0	0.0051
5.9	0.05	0.0035
5.95	-1.3	0.003
5.95	-1.25	0.0077
5.95	-1.2	0.0092
5.95	-1.15	0.0051
5.95	-0.2	0.0022
5.95	-0.1	0.0103
5.95	-0.05	0.0373
5.95	0	0.0533
5.95	0.05	0.0373
5.95	0.1	0.0096
5.95	0.2	0.0024
5.95	1.15	0.0055
5.95	1.2	0.0098
5.95	1.25	0.0083
5.95	1.3	0.0031
6	-1.3	0.01
6	-1.25	0.0264
6	-1.2	0.0312
6	-1.15	0.0174
6	-1.1	0.0026
6	-1	0.0031
6	-0.4	0.0029
6	-0.35	0.0024
6	-0.25	0.0063
6	-0.2	0.0075
6	-0.1	0.0361
6	-0.05	0.1281
6	0	0.1818
6	0.05	0.1285
6	0.1	0.0355
6	0.2	0.0078
6	0.25	0.0064
6	0.35	0.0025
6	0.4	0.0029
6	1	0.0033
6	1.1	0.0028
6	1.15	0.0193
6	1.2	0.0339
6	1.25	0.0282
6	1.3	0.011
6.05	-1.35	0.0021
6.05	-1.3	0.0215
6.05	-1.25	0.0552
6.05	-1.2	0.0657
6.05	-1.15	0.0368
6.05	-1.1	0.0054
6.05	-1	0.0064
6.05	-0.95	0.0021
6.05	-0.85	0.0038
6.05	-0.7	0.0035
6.05	-0.55	0.0039
6.05	-0.5	0.0027
6.05	-0.4	0.006
6.05	-0.35	0.0053
6.05	-0.25	0.0131
6.05	-0.2	0.0159
6.05	-0.1	0.0748
6.05	-0.05	0.2692
6.05	0	0.3865
6.05	0.05	0.2707
6.05	0.1	0.0758
6.05	0.2	0.0164
6.05	0.25	0.0133
6.05	0.35	0.0053
6.05	0.4	0.0062
6.05	0.5	0.0028
6.05	0.55	0.0041
6.05	0.7	0.0035
6.05	0.85	0.004
6.05	0.95	0.0022
6.05	1	0.0068
6.05	1.1	0.0056
6.05	1.15	0.04
6.05	1.2	0.071
6.05	1.25	0.0595
6.05	1.3	0.023
6.05	1.35	0.0022
6.1	-2.45	0.0024
6.1	-1.45	0.0021
6.1	-1.35	0.0027
6.1	-1.3	0.0322
6.1	-1.25	0.0829
6.1	-1.2	0.1001
6.1	-1.15	0.0561
6.1	-1.1	0.0081
6.1	-1.05	0.0025
6.1	-1	0.0099
6.1	-0.95	0.0031
6.1	-0.85	0.0058
6.1	-0.8	0.0026
6.1	-0.7	0.0051
6.1	-0.65	0.0029
6.1	-0.55	0.0059
6.1	-0.5	0.0042
6.1	-0.4	0.0092
6.1	-0.35	0.008
6.1	-0.25	0.0199
6.1	-0.2	0.0241
6.1	-0.15	0.0022
6.1	-0.1	0.1122
6.1	-0.05	0.409
6.1	0	0.5832
6.1	0.05	0.4099
6.1	0.1	0.1132
6.1	0.15	0.0023
6.1	0.2	0.024
6.1	0.25	0.0204
6.1	0.35	0.0081
6.1	0.4	0.0093
6.1	0.5	0.0043
6.1	0.55	0.0062
6.1	0.65	0.003
6.1	0.7	0.0054
6.1	0.8	0.0027
6.1	0.85	0.0063
6.1	0.95	0.0033
6.1	1	0.0104
6.1	1.05	0.0027
6.1	1.1	0.0089
6.1	1.15	0.0604
6.1	1.2	0.1088
6.1	1.25	0.0908
6.1	1.3	0.0349
6.1	1.35	0.0032
6.1	1.45	0.0023
6.15	-2.45	0.0027
6.15	-1.45	0.0025
6.15	-1.35	0.0035
6.15	-1.3	0.0367
6.15	-1.25	0.0959
6.15	-1.2	0.1146
6.15	-1.15	0.0644
6.15	-1.1	0.0092
6.15	-1.05	0.0029
6.15	-1	0.0111
6.15	-0.95	0.0037
6.15	-0.85	0.0067
6.15	-0.8	0.003
6.15	-0.7	0.006
6.15	-0.65	0.0033
6.15	-0.55	0.0069
6.15	-0.5	0.0048
6.15	-0.4	0.0103
6.15	-0.35	0.0094
6.15	-0.25	0.0223
6.15	-0.2	0.0277
6.15	-0.1	0.1296
6.15	-0.05	0.4663
6.15	0	0.6728
6.15	0.05	0.4721
6.15	0.1	0.1332
6.15	0.2	0.0286
6.15	0.25	0.0233
6.15	0.35	0.0092
6.15	0.4	0.0109
6.15	0.5	0.0048
6.15	0.55	0.0072
6.15	0.65	0.0034
6.15	0.7	0.0062
6.15	0.8	0.0031
6.15	0.85	0.007
6.15	0.95	0.0037
6.15	1	0.0117
6.15	1.05	0.0032
6.15	1.1	0.0094
6.15	1.15	0.0688
6.15	1.2	0.1235
6.15	1.25	0.1039
6.15	1.3	0.0401
6.15	1.35	0.0039
6.15	1.45	0.0027
6.2	-2.45	0.0024
6.2	-1.45	0.0021
6.2	-1.35	0.0026
6.2	-1.3	0.0319
6.2	-1.25	0.0823
6.2	-1.2	0.0993
6.2	-1.15	0.0558
6.2	-1.1	0.0084
6.2	-1.05	0.0025
6.2	-1	0.0098
6.2	-0.95	0.0031
6.2	-0.85	0.0058
6.2	-0.8	0.0026
6.2	-0.7	0.0051
6.2	-0.65	0.0029
6.2	-0.55	0.0059
6.2	-0.5	0.0042
6.2	-0.4	0.0089
6.2	-0.35	0.0079
6.2	-0.25	0.0194
6.2	-0.2	0.0235
6.2	-0.15	0.0026
6.2	-0.1	0.1099
6.2	-0.05	0.4023
6.2	0	0.5776
6.2	0.05	0.4081
6.2	0.1	0.112
6.2	0.15	0.0023
6.2	0.2	0.024
6.2	0.25	0.0204
6.2	0.35	0.008
6.2	0.4	0.0093
6.2	0.5	0.0042
6.2	0.55	0.0061
6.2	0.65	0.0029
6.2	0.7	0.0054
6.2	0.8	0.0026
6.2	0.85	0.0062
6.2	0.95	0.0032
6.2	1	0.0102
6.2	1.05	0.0026
6.2	1.1	0.0089
6.2	1.15	0.059
6.2	1.2	0.1072
6.2	1.25	0.0896
6.2	1.3	0.0351
6.2	1.35	0.0032
6.2	1.45	0.0023
6.25	-1.35	0.002
6.25	-1.3	0.0197
6.25	-1.25	0.051
6.25	-1.2	0.0611
6.25	-1.15	0.0348
6.25	-1.1	0.0049
6.25	-1	0.006
6.25	-0.95	0.002
6.25	-0.85	0.0036
6.25	-0.7	0.0032
6.25	-0.55	0.0037
6.25	-0.5	0.0026
6.25	-0.4	0.0054
6.25	-0.35	0.005
6.25	-0.25	0.0118
6.25	-0.2	0.0148
6.25	-0.1	0.0698
6.25	-0.05	0.2478
6.25	0	0.3566
6.25	0.05	0.2509
6.25	0.1	0.0721
6.25	0.2	0.0154
6.25	0.25	0.0124
6.25	0.35	0.0049
6.25	0.4	0.0058
6.25	0.5	0.0026
6.25	0.55	0.0039
6.25	0.7	0.0033
6.25	0.85	0.0037
6.25	1	0.0062
6.25	1.1	0.0049
6.25	1.15	0.0361
6.25	1.2	0.0651
6.25	1.25	0.0553
6.25	1.3	0.0213
6.25	1.35	0.0021
6.3	-1.3	0.007
6.3	-1.25	0.0185
6.3	-1.2	0.0223
6.3	-1.15	0.0125
6.3	-1	0.0023
6.3	-0.25	0.0043
6.3	-0.2	0.0053
6.3	-0.1	0.0246
6.3	-0.05	0.0904
6.3	0	0.129
6.3	0.05	0.0913
6.3	0.1	0.0249
6.3	0.2	0.0055
6.3	0.25	0.0047
6.3	0.4	0.0021
6.3	1	0.0023
6.3	1.15	0.0132
6.3	1.2	0.0241
6.3	1.25	0.02
6.3	1.3	0.008
6.35	-0.1	0.0023
6.35	-0.05	0.0076
6.35	0	0.0112
6.35	0.05	0.0078
6.35	0.1	0.002
6.35	1.2	0.0022
6.4	-1.25	0.002
6.4	-1.2	0.0023
6.4	-0.1	0.0027
6.4	-0.05	0.0095
6.4	0	0.0134
6.4	0.05	0.0097
6.4	0.1	0.0027
6.4	1.2	0.0025
6.4	1.25	0.002
6.45	-1.3	0.0035
6.45	-1.25	0.0089
6.45	-1.2	0.0106
6.45	-1.15	0.006
6.45	-0.25	0.002
6.45	-0.2	0.0025
6.45	-0.1	0.0125
6.45	-0.05	0.0435
6.45	0	0.0622
6.45	0.05	0.0435
6.45	0.1	0.0123
6.45	0.2	0.0024
6.45	1.15	0.0065
6.45	1.2	0.0114
6.45	1.25	0.0095
6.45	1.3	0.0037
6.5	-1.3	0.0042
6.5	-1.25	0.0109
6.5	-1.2	0.0132
6.5	-1.15	0.0074
6.5	-0.25	0.0025
6.5	-0.2	0.0029
6.5	-0.1	0.0147
6.5	-0.05	0.0533
6.5	0	0.0759
6.5	0.05	0.0537
6.5	0.1	0.015
6.5	0.2	0.0029
6.5	0.25	0.0025
6.5	1.15	0.0079
6.5	1.2	0.0141
6.5	1.25	0.0117
6.5	1.3	0.0046
6.55	-1.3	0.0024
6.55	-1.25	0.0061
6.55	-1.2	0.0073
6.55	-1.15	0.0042
6.55	-0.1	0.0085
6.55	-0.05	0.03
6.55	0	0.0429
6.55	0.05	0.0302
6.55	0.1	0.0088
6.55	1.15	0.0044
6.55	1.2	0.0078
6.55	1.25	0.0066
6.55	1.3	0.0026
6.6	-0.05	0.0041
6.6	0	0.0057
6.6	0.05	0.004
6.65	-0.05	0.0039
6.65	0	0.0056
6.65	0.05	0.0039
6.7	-1.25	0.0048
6.7	-1.2	0.0058
6.7	-1.15	0.0032
6.7	-0.1	0.0064
6.7	-0.05	0.0234
6.7	0	0.0334
6.7	0.05	0.0234
6.7	0.1	0.0065
6.7	1.15	0.0035
6.7	1.2	0.0062
6.7	1.25	0.0051
6.75	-1.3	0.0027
6.75	-1.25	0.0071
6.75	-1.2	0.0084
6.75	-1.15	0.0047
6.75	-0.2	0.002
6.75	-0.1	0.0096
6.75	-0.05	0.0344
6.75	0	0.0492
6.75	0.05	0.0342
6.75	0.1	0.0097
6.75	1.15	0.005
6.75	1.2	0.009
6.75	1.25	0.0076
6.75	1.3	0.0029
6.8	-1.25	0.0047
6.8	-1.2	0.0057
6.8	-1.15	0.0032
6.8	-0.1	0.0063
6.8	-0.05	0.023
6.8	0	0.0328
6.8	0.05	0.0231
6.8	0.1	0.0064
6.8	1.15	0.0034
6.8	1.2	0.006
6.8	1.25	0.0051
6.85	-0.05	0.0046
6.85	0	0.0066
6.85	0.05	0.0048
6.9	0	0.0021
6.95	-1.25	0.0032
6.95	-1.2	0.0038
6.95	-1.15	0.0021
6.95	-0.1	0.0043
6.95	-0.05	0.0155
6.95	0	0.0222
6.95	0.05	0.0154
6.95	0.1	0.0043
6.95	1.15	0.0023
6.95	1.2	0.0041
6.95	1.25	0.0034
7	-1.3	0.0022
7	-1.25	0.0056
7	-1.2	0.0067
7	-1.15	0.0037
7	-0.1	0.0075
7	-0.05	0.027
7	0	0.0387
7	0.05	0.0272
7	0.1	0.0076
7	1.15	0.004
7	1.2	0.0071
7	1.25	0.0059
7	1.3	0.0023
7.05	-1.25	0.0043
7.05	-1.2	0.0052
7.05	-1.15	0.0029
7.05	-0.1	0.0058
7.05	-0.05	0.0212
7.05	0	0.0302
7.05	0.05	0.0209
7.05	0.1	0.0058
7.05	1.15	0.0031
7.05	1.2	0.0055
7.05	1.25	0.0046
7.1	-0.05	0.0055
7.1	0	0.008
7.1	0.05	0.0056
7.2	-1.25	0.0025
7.2	-1.2	0.003
7.2	-0.1	0.0034
7.2	-0.05	0.0123
7.2	0	0.0174
7.2	0.05	0.0122
7.2	0.1	0.0033
7.2	1.2	0.0032
7.2	1.25	0.0027
7.25	-1.3	0.002
7.25	-1.25	0.0052
7.25	-1.2	0.0062
7.25	-1.15	0.0034
7.25	-0.1	0.007
7.25	-0.05	0.025
7.25	0	0.0355
7.25	0.05	0.0249
7.25	0.1	0.0069
7.25	1.15	0.0036
7.25	1.2	0.0066
7.25	1.25	0.0054
7.25	1.3	0.0021
7.3	-1.25	0.0046
7.3	-1.2	0.0055
7.3	-1.15	0.0031
7.3	-0.1	0.0063
7.3	-0.05	0.0221
7.3	0	0.0314
7.3	0.05	0.022
7.3	0.1	0.0062
7.3	1.15	0.0032
7.3	1.2	0.0057
7.3	1.25	0.0048
7.35	-0.05	0.0073
7.35	0	0.0101
7.35	0.05	0.0071
7.45	-1.25	0.0025
7.45	-1.2	0.003
7.45	-0.1	0.0032
7.45	-0.05	0.012
7.45	0	0.0171
7.45	0.05	0.0117
7.45	0.1	0.0032
7.45	1.2	0.0032
7.45	1.25	0.0026
7.5	-1.3	0.0023
7.5	-1.25	0.006
7.5	-1.2	0.0071
7.5	-1.15	0.004
7.5	-0.1	0.0081
7.5	-0.05	0.0288
7.5	0	0.0412
7.5	0.05	0.0286
7.5	0.1	0.0078
7.5	1.15	0.0042
7.5	1.2	0.0075
7.5	1.25	0.0063
7.5	1.3	0.0024
7.55	-1.3	0.0023
7.55	-1.25	0.006
7.55	-1.2	0.0072
7.55	-1.15	0.004
7.55	-0.1	0.0081
7.55	-0.05	0.029
7.55	0	0.041
7.55	0.05	0.0286
7.55	0.1	0.0078
7.55	1.15	0.0042
7.55	1.2	0.0076
7.55	1.25	0.0063
7.55	1.3	0.0024
7.6	-1.25	0.0024
7.6	-1.2	0.0028
7.6	-0.1	0.0033
7.6	-0.05	0.0114
7.6	0	0.0162
7.6	0.05	0.0115
7.6	0.1	0.0032
7.6	1.2	0.0029
7.6	1.25	0.0025
7.7	-1.25	0.0033
7.7	-1.2	0.0039
7.7	-1.15	0.0023
7.7	-0.1	0.0043
7.7	-0.05	0.0161
7.7	0	0.0228
7.7	0.05	0.0157
7.7	0.1	0.0046
7.7	1.15	0.0023
7.7	1.2	0.0041
7.7	1.25	0.0035
7.75	-1.3	0.0038
7.75	-1.25	0.0097
7.75	-1.2	0.0116
7.75	-1.15	0.0065
7.75	-0.25	0.0023
7.75	-0.2	0.0027
7.75	-0.1	0.0125
7.75	-0.05	0.0461
7.75	0	0.066
7.75	0.05	0.0464
7.75	0.1	0.0127
7.75	0.2	0.0028
7.75	0.25	0.0023
7.75	1.15	0.0067
7.75	1.2	0.0121
7.75	1.25	0.0101
7.75	1.3	0.0039
7.8	-1.3	0.0045
7.8	-1.25	0.0116
7.8	-1.2	0.0138
7.8	-1.15	0.0078
7.8	-0.25	0.0027
7.8	-0.2	0.0033
7.8	-0.1	0.0153
7.8	-0.05	0.0556
7.8	0	0.0802
7.8	0.05	0.0553
7.8	0.1	0.0155
7.8	0.2	0.0034
7.8	0.25	0.0027
7.8	1.15	0.008
7.8	1.2	0.0143
7.8	1.25	0.0121
7.8	1.3	0.0047
7.85	-1.3	0.0022
7.85	-1.25	0.0058
7.85	-1.2	0.007
7.85	-1.15	0.0039
7.85	-0.1	0.0077
7.85	-0.05	0.0276
7.85	0	0.0398
7.85	0.05	0.0277
7.85	0.1	0.0076
7.85	1.15	0.0041
7.85	1.2	0.0073
7.85	1.25	0.0061
7.85	1.3	0.0023
7.95	-1.3	0.0033
7.95	-1.25	0.0089
7.95	-1.2	0.0108
7.95	-1.15	0.0059
7.95	-0.25	0.0021
7.95	-0.2	0.0026
7.95	-0.1	0.0116
7.95	-0.05	0.0424
7.95	0	0.0614
7.95	0.05	0.0439
7.95	0.1	0.0115
7.95	0.2	0.0025
7.95	0.25	0.0021
7.95	1.15	0.0062
7.95	1.2	0.0112
7.95	1.25	0.0094
7.95	1.3	0.0038
8	-1.3	0.0157
8	-1.25	0.0414
8	-1.2	0.0487
8	-1.15	0.027
8	-1.1	0.0038
8	-1	0.0046
8	-0.85	0.0028
8	-0.7	0.0025
8	-0.55	0.003
8	-0.4	0.0044
8	-0.35	0.0038
8	-0.25	0.0097
8	-0.2	0.0118
8	-0.1	0.0552
8	-0.05	0.1948
8	0	0.2802
8	0.05	0.195
8	0.1	0.0545
8	0.2	0.0118
8	0.25	0.0093
8	0.35	0.0039
8	0.4	0.0043
8	0.5	0.0021
8	0.55	0.003
8	0.7	0.0026
8	0.85	0.0029
8	1	0.0048
8	1.1	0.004
8	1.15	0.0287
8	1.2	0.0505
8	1.25	0.0425
8	1.3	0.0165
8.05	-2.45	0.0026
8.05	-1.45	0.0022
8.05	-1.35	0.0031
8.05	-1.3	0.0343
8.05	-1.25	0.0874
8.05	-1.2	0.105
8.05	-1.15	0.0586
8.05	-1.1	0.009
8.05	-1.05	0.0025
8.05	-1	0.0101
8.05	-0.95	0.0031
8.05	-0.85	0.0061
8.05	-0.8	0.0026
8.05	-0.7	0.0054
8.05	-0.65	0.003
8.05	-0.55	0.0061
8.05	-0.5	0.0043
8.05	-0.4	0.0092
8.05	-0.35	0.0082
8.05	-0.25	0.0203
8.05	-0.2	0.0241
8.05	-0.15	0.0021
8.05	-0.1	0.1137
8.05	-0.05	0.4132
8.05	0	0.5917
8.05	0.05	0.4163
8.05	0.1	0.1163
8.05	0.15	0.0032
8.05	0.2	0.0241
8.05	0.25	0.0203
8.05	0.35	0.008
8.05	0.4	0.0094
8.05	0.5	0.0043
8.05	0.55	0.0062
8.05	0.65	0.0031
8.05	0.7	0.0054
8.05	0.8	0.0027
8.05	0.85	0.0061
8.05	0.95	0.0033
8.05	1	0.0105
8.05	1.05	0.0026
8.05	1.1	0.0089
8.05	1.15	0.0603
8.05	1.2	0.1079
8.05	1.25	0.0894
8.05	1.3	0.0354
8.05	1.35	0.003
8.05	1.45	0.0023
8.1	-2.5	0.0026
8.1	-2.45	0.0037
8.1	-2.4	0.0025
8.1	-1.45	0.0032
8.1	-1.35	0.0047
8.1	-1.3	0.0483
8.1	-1.25	0.1259
8.1	-1.2	0.15
8.1	-1.15	0.0844
8.1	-1.1	0.0116
8.1	-1.05	0.0038
8.1	-1	0.0144
8.1	-0.95	0.0046
8.1	-0.85	0.0086
8.1	-0.8	0.0038
8.1	-0.7	0.0077
8.1	-0.65	0.0043
8.1	-0.55	0.009
8.1	-0.5	0.0061
8.1	-0.4	0.0135
8.1	-0.35	0.0117
8.1	-0.25	0.0288
8.1	-0.2	0.0358
8.1	-0.15	0.0031
8.1	-0.1	0.1683
8.1	-0.05	0.6
8.1	0	0.8589
8.1	0.05	0.5986
8.1	0.1	0.1686
8.1	0.2	0.0354
8.1	0.25	0.0289
8.1	0.35	0.012
8.1	0.4	0.0134
8.1	0.5	0.0063
8.1	0.55	0.0091
8.1	0.65	0.0044
8.1	0.7	0.008
8.1	0.8	0.0039
8.1	0.85	0.0089
8.1	0.95	0.0049
8.1	1	0.0148
8.1	1.05	0.0038
8.1	1.1	0.0124
8.1	1.15	0.0871
8.1	1.2	0.1553
8.1	1.25	0.1305
8.1	1.3	0.0501
8.1	1.35	0.005
8.1	1.45	0.0033
8.15	-2.5	0.0029
8.15	-2.45	0.004
8.15	-2.4	0.0027
8.15	-1.45	0.0035
8.15	-1.35	0.0048
8.15	-1.3	0.0531
8.15	-1.25	0.1363
8.15	-1.2	0.1637
8.15	-1.15	0.0912
8.15	-1.1	0.0136
8.15	-1.05	0.0039
8.15	-1	0.0156
8.15	-0.95	0.0051
8.15	-0.85	0.0096
8.15	-0.8	0.0041
8.15	-0.7	0.0084
8.15	-0.65	0.0046
8.15	-0.55	0.0096
8.15	-0.5	0.0068
8.15	-0.4	0.0143
8.15	-0.35	0.0127
8.15	-0.25	0.0314
8.15	-0.2	0.0377
8.15	-0.15	0.0028
8.15	-0.1	0.1785
8.15	-0.05	0.6485
8.15	0	0.9271
8.15	0.05	0.6515
8.15	0.1	0.1805
8.15	0.15	0.0044
8.15	0.2	0.038
8.15	0.25	0.0316
8.15	0.35	0.0127
8.15	0.4	0.0147
8.15	0.5	0.0068
8.15	0.55	0.0098
8.15	0.65	0.0048
8.15	0.7	0.0084
8.15	0.8	0.0042
8.15	0.85	0.0094
8.15	0.95	0.0051
8.15	1	0.0162
8.15	1.05	0.0042
8.15	1.1	0.0139
8.15	1.15	0.094
8.15	1.2	0.1682
8.15	1.25	0.1403
8.15	1.3	0.0546
8.15	1.35	0.0048
8.15	1.45	0.0036
8.2	-2.5	0.0024
8.2	-2.45	0.0033
8.2	-2.4	0.0022
8.2	-1.45	0.0029
8.2	-1.35	0.0041
8.2	-1.3	0.0438
8.2	-1.25	0.1138
8.2	-1.2	0.1364
8.2	-1.15	0.0766
8.2	-1.1	0.011
8.2	-1.05	0.0033
8.2	-1	0.0129
8.2	-0.95	0.0041
8.2	-0.85	0.0077
8.2	-0.8	0.0035
8.2	-0.7	0.0069
8.2	-0.65	0.0039
8.2	-0.55	0.0081
8.2	-0.5	0.0055
8.2	-0.4	0.0122
8.2	-0.35	0.0105
8.2	-0.25	0.0261
8.2	-0.2	0.0322
8.2	-0.15	0.0034
8.2	-0.1	0.154
8.2	-0.05	0.5435
8.2	0	0.7771
8.2	0.05	0.545
8.2	0.1	0.1523
8.2	0.2	0.0319
8.2	0.25	0.026
8.2	0.35	0.0109
8.2	0.4	0.0121
8.2	0.5	0.0057
8.2	0.55	0.0082
8.2	0.65	0.0039
8.2	0.7	0.0072
8.2	0.8	0.0034
8.2	0.85	0.008
8.2	0.95	0.0044
8.2	1	0.0132
8.2	1.05	0.0034
8.2	1.1	0.0113
8.2	1.15	0.0779
8.2	1.2	0.1401
8.2	1.25	0.1181
8.2	1.3	0.0456
8.2	1.35	0.0044
8.2	1.45	0.003
8.25	-2.45	0.0021
8.25	-1.35	0.0026
8.25	-1.3	0.0277
8.25	-1.25	0.0725
8.25	-1.2	0.0871
8.25	-1.15	0.0487
8.25	-1.1	0.0074
8.25	-1.05	0.002
8.25	-1	0.0083
8.25	-0.95	0.0027
8.25	-0.85	0.0051
8.25	-0.8	0.0022
8.25	-0.7	0.0045
8.25	-0.65	0.0025
8.25	-0.55	0.0051
8.25	-0.5	0.0036
8.25	-0.4	0.0075
8.25	-0.35	0.0069
8.25	-0.25	0.0165
8.25	-0.2	0.02
8.25	-0.1	0.0948
8.25	-0.05	0.342
8.25	0	0.4905
8.25	0.05	0.3454
8.25	0.1	0.0978
8.25	0.15	0.0021
8.25	0.2	0.0202
8.25	0.25	0.0167
8.25	0.35	0.0068
8.25	0.4	0.0079
8.25	0.5	0.0036
8.25	0.55	0.0052
8.25	0.65	0.0025
8.25	0.7	0.0045
8.25	0.8	0.0022
8.25	0.85	0.005
8.25	0.95	0.0026
8.25	1	0.0085
8.25	1.05	0.0023
8.25	1.1	0.0069
8.25	1.15	0.0496
8.25	1.2	0.0886
8.25	1.25	0.0743
8.25	1.3	0.0291
8.25	1.35	0.0026
8.3	-1.3	0.0123
8.3	-1.25	0.0322
8.3	-1.2	0.0386
8.3	-1.15	0.0219
8.3	-1.1	0.0032
8.3	-1	0.0037
8.3	-0.85	0.0022
8.3	-0.55	0.0023
8.3	-0.4	0.0034
8.3	-0.35	0.0031
8.3	-0.25	0.0072
8.3	-0.2	0.0091
8.3	-0.1	0.0425
8.3	-0.05	0.1518
8.3	0	0.218
8.3	0.05	0.1517
8.3	0.1	0.0428
8.3	0.2	0.0089
8.3	0.25	0.0076
8.3	0.35	0.0031
8.3	0.4	0.0034
8.3	0.55	0.0023
8.3	0.7	0.0021
8.3	0.85	0.0023
8.3	1	0.0038
8.3	1.1	0.003
8.3	1.15	0.0221
8.3	1.2	0.0392
8.3	1.25	0.0331
8.3	1.3	0.0132
8.35	-1.3	0.003
8.35	-1.25	0.0077
8.35	-1.2	0.0092
8.35	-1.15	0.0054
8.35	-0.2	0.0024
8.35	-0.1	0.0096
8.35	-0.05	0.0363
8.35	0	0.0523
8.35	0.05	0.037
8.35	0.1	0.0106
8.35	0.2	0.0022
8.35	1.15	0.0052
8.35	1.2	0.0093
8.35	1.25	0.0081
8.35	1.3	0.0031
8.45	-0.1	0.0021
8.45	-0.05	0.0075
8.45	0	0.0103
8.45	0.05	0.0072
8.45	0.1	0.0021
8.5	-1.25	0.0035
8.5	-1.2	0.0042
8.5	-1.15	0.0024
8.5	-0.1	0.0048
8.5	-0.05	0.0167
8.5	0	0.0237
8.5	0.05	0.0166
8.5	0.1	0.0046
8.5	1.15	0.0024
8.5	1.2	0.0043
8.5	1.25	0.0036
8.55	-1.25	0.0029
8.55	-1.2	0.0035
8.55	-0.1	0.0039
8.55	-0.05	0.0136
8.55	0	0.0196
8.55	0.05	0.0138
8.55	0.1	0.004
8.55	1.2	0.0035
8.55	1.25	0.0029
8.6	-0.05	0.0048
8.6	0	0.007
8.6	0.05	0.005
8.7	0	0.0023
8.75	-0.05	0.0044
8.75	0	0.0062
8.75	0.05	0.0043
8.8	-0.05	0.0043
8.8	0	0.0061
8.8	0.05	0.0043
8.85	-0.05	0.0021
8.85	0	0.003
8.85	0.05	0.0021
-8.55	-0.05	0.0029
-8.55	0	0.0042
-8.55	0.05	0.0029
-8.5	-0.05	0.0032
-8.5	0	0.0046
-8.5	0.05	0.0032
-8.35	-0.05	0.006
-8.35	0	0.0085
-8.35	0.05	0.006
-8.3	-1.25	0.0047
-8.3	-1.2	0.0055
-8.3	-1.15	0.0031
-8.3	-0.1	0.0062
-8.3	-0.05	0.0221
-8.3	0	0.0318
-8.3	0.05	0.0222
-8.3	0.1	0.0062
-8.3	1.15	0.0033
-8.3	1.2	0.0058
-8.3	1.25	0.0048
-8.25	-1.3	0.0037
-8.25	-1.25	0.0094
-8.25	-1.2	0.0113
-8.25	-1.15	0.0063
-8.25	-0.25	0.0022
-8.25	-0.2	0.0026
-8.25	-0.1	0.0128
-8.25	-0.05	0.0453
-8.25	0	0.0644
-8.25	0.05	0.045
-8.25	0.1	0.0124
-8.25	0.2	0.0027
-8.25	0.25	0.0022
-8.25	1.15	0.0066
-8.25	1.2	0.0117
-8.25	1.25	0.0098
-8.25	1.3	0.0037
-8.2	-1.3	0.0052
-8.2	-1.25	0.0135
-8.2	-1.2	0.016
-8.2	-1.15	0.0089
-8.2	-0.25	0.003
-8.2	-0.2	0.0037
-8.2	-0.1	0.018
-8.2	-0.05	0.0642
-8.2	0	0.0917
-8.2	0.05	0.0642
-8.2	0.1	0.0181
-8.2	0.2	0.0038
-8.2	0.25	0.0031
-8.2	1.15	0.0093
-8.2	1.2	0.0165
-8.2	1.25	0.0138
-8.2	1.3	0.0053
-8.15	-1.3	0.0055
-8.15	-1.25	0.0142
-8.15	-1.2	0.0171
-8.15	-1.15	0.0096
-8.15	-0.25	0.0033
-8.15	-0.2	0.0039
-8.15	-0.1	0.0191
-8.15	-0.05	0.0684
-8.15	0	0.0973
-8.15	0.05	0.0682
-8.15	0.1	0.0188
-8.15	0.2	0.0039
-8.15	0.25	0.0032
-8.15	1.15	0.0098
-8.15	1.2	0.0177
-8.15	1.25	0.0147
-8.15	1.3	0.0057
-8.1	-1.3	0.0044
-8.1	-1.25	0.0116
-8.1	-1.2	0.0138
-8.1	-1.15	0.0078
-8.1	-0.25	0.0026
-8.1	-0.2	0.0032
-8.1	-0.1	0.0156
-8.1	-0.05	0.055
-8.1	0	0.0788
-8.1	0.05	0.0552
-8.1	0.1	0.0156
-8.1	0.2	0.0032
-8.1	0.25	0.0025
-8.1	1.15	0.008
-8.1	1.2	0.0141
-8.1	1.25	0.0119
-8.1	1.3	0.0046
-8.05	-1.3	0.0027
-8.05	-1.25	0.0067
-8.05	-1.2	0.0081
-8.05	-1.15	0.0045
-8.05	-0.1	0.009
-8.05	-0.05	0.0322
-8.05	0	0.0458
-8.05	0.05	0.032
-8.05	0.1	0.0089
-8.05	1.15	0.0047
-8.05	1.2	0.0083
-8.05	1.25	0.007
-8.05	1.3	0.0028
-8	-1.25	0.0025
-8	-1.2	0.0029
-8	-0.1	0.0032
-8	-0.05	0.0116
-8	0	0.0167
-8	0.05	0.0117
-8	0.1	0.0033
-8	1.2	0.003
-8	1.25	0.0026
-7.85	-0.05	0.0031
-7.85	0	0.0044
-7.85	0.05	0.0031
-7.8	-0.05	0.0037
-7.8	0	0.0053
-7.8	0.05	0.0037
-7.75	0	0.0024
-7.6	-0.05	0.0032
-7.6	0	0.0045
-7.6	0.05	0.0032
-7.55	-0.05	0.0045
-7.55	0	0.0065
-7.55	0.05	0.0047
-7.5	-0.05	0.0037
-7.5	0	0.0054
-7.5	0.05	0.0039
-7.45	0	0.0023
-7.3	0	0.0023
-7.25	-0.05	0.0022
-7.25	0	0.0031
-7.25	0.05	0.0023
-7.2	0	0.0022
-7	0	0.0025
-6.95	0	0.002
-6.8	-0.05	0.0024
-6.8	0	0.0035
-6.8	0.05	0.0025
-6.75	-0.05	0.0041
-6.75	0	0.006
-6.75	0.05	0.0043
-6.7	-0.05	0.0031
-6.7	0	0.0046
-6.7	0.05	0.0033
-6.55	-1.25	0.002
-6.55	-1.2	0.0024
-6.55	-0.1	0.0029
-6.55	-0.05	0.0097
-6.55	0	0.0136
-6.55	0.05	0.0094
-6.55	0.1	0.0026
-6.55	1.2	0.0024
-6.5	-1.25	0.004
-6.5	-1.2	0.0048
-6.5	-1.15	0.0027
-6.5	-0.1	0.0052
-6.5	-0.05	0.0188
-6.5	0	0.0266
-6.5	0.05	0.0186
-6.5	0.1	0.0051
-6.5	1.15	0.0027
-6.5	1.2	0.0048
-6.5	1.25	0.0039
-6.45	-1.25	0.0036
-6.45	-1.2	0.0044
-6.45	-1.15	0.0025
-6.45	-0.1	0.0048
-6.45	-0.05	0.0171
-6.45	0	0.0246
-6.45	0.05	0.0172
-6.45	0.1	0.0049
-6.45	1.15	0.0024
-6.45	1.2	0.0043
-6.45	1.25	0.0036
-6.4	-0.05	0.0039
-6.4	0	0.0055
-6.4	0.05	0.0039
-6.35	-0.05	0.0058
-6.35	0	0.0083
-6.35	0.05	0.0057
-6.3	-1.3	0.0059
-6.3	-1.25	0.0149
-6.3	-1.2	0.0181
-6.3	-1.15	0.01
-6.3	-0.25	0.0034
-6.3	-0.2	0.004
-6.3	-0.1	0.0191
-6.3	-0.05	0.0699
-6.3	0	0.099
-6.3	0.05	0.0703
-6.3	0.1	0.0195
-6.3	0.2	0.004
-6.3	0.25	0.0034
-6.3	1.15	0.0098
-6.3	1.2	0.0176
-6.3	1.25	0.0147
-6.3	1.3	0.0056
-6.25	-1.3	0.0185
-6.25	-1.25	0.0485
-6.25	-1.2	0.0574
-6.25	-1.15	0.0321
-6.25	-1.1	0.0045
-6.25	-1	0.0055
-6.25	-0.85	0.0033
-6.25	-0.7	0.0029
-6.25	-0.55	0.0034
-6.25	-0.5	0.0024
-6.25	-0.4	0.005
-6.25	-0.35	0.0044
-6.25	-0.25	0.0107
-6.25	-0.2	0.0135
-6.25	-0.1	0.0651
-6.25	-0.05	0.2257
-6.25	0	0.3223
-6.25	0.05	0.2261
-6.25	0.1	0.0645
-6.25	0.2	0.0134
-6.25	0.25	0.0109
-6.25	0.35	0.0045
-6.25	0.4	0.005
-6.25	0.5	0.0023
-6.25	0.55	0.0034
-6.25	0.7	0.003
-6.25	0.85	0.0032
-6.25	1	0.0054
-6.25	1.1	0.0045
-6.25	1.15	0.0323
-6.25	1.2	0.0568
-6.25	1.25	0.0476
-6.25	1.3	0.0186
-6.2	-1.45	0.0024
-6.2	-1.35	0.0034
-6.2	-1.3	0.0371
-6.2	-1.25	0.0951
-6.2	-1.2	0.1141
-6.2	-1.15	0.0632
-6.2	-1.1	0.0097
-6.2	-1.05	0.0028
-6.2	-1	0.011
-6.2	-0.95	0.0035
-6.2	-0.85	0.0066
-6.2	-0.8	0.0028
-6.2	-0.7	0.0058
-6.2	-0.65	0.0032
-6.2	-0.55	0.0066
-6.2	-0.5	0.0047
-6.2	-0.4	0.0099
-6.2	-0.35	0.0088
-6.2	-0.25	0.0216
-6.2	-0.2	0.0259
-6.2	-0.15	0.0024
-6.2	-0.1	0.1207
-6.2	-0.05	0.4435
-6.2	0	0.6317
-6.2	0.05	0.4422
-6.2	0.1	0.1219
-6.2	0.15	0.0029
-6.2	0.2	0.0257
-6.2	0.25	0.0216
-6.2	0.35	0.0086
-6.2	0.4	0.0099
-6.2	0.5	0.0046
-6.2	0.55	0.0066
-6.2	0.65	0.0032
-6.2	0.7	0.0057
-6.2	0.8	0.0028
-6.2	0.85	0.0064
-6.2	0.95	0.0034
-6.2	1	0.0109
-6.2	1.05	0.0028
-6.2	1.1	0.0093
-6.2	1.15	0.0623
-6.2	1.2	0.1115
-6.2	1.25	0.0928
-6.2	1.3	0.0363
-6.2	1.35	0.003
-6.2	1.45	0.0024
-6.2	2.45	0.0027
-6.15	-1.45	0.0035
-6.15	-1.35	0.005
-6.15	-1.3	0.0519
-6.15	-1.25	0.1352
-6.15	-1.2	0.1615
-6.15	-1.15	0.0905
-6.15	-1.1	0.0125
-6.15	-1.05	0.0042
-6.15	-1	0.0155
-6.15	-0.95	0.0049
-6.15	-0.85	0.0092
-6.15	-0.8	0.0041
-6.15	-0.7	0.0083
-6.15	-0.65	0.0046
-6.15	-0.55	0.0097
-6.15	-0.5	0.0066
-6.15	-0.4	0.0144
-6.15	-0.35	0.0125
-6.15	-0.25	0.0307
-6.15	-0.2	0.0383
-6.15	-0.15	0.0025
-6.15	-0.1	0.1768
-6.15	-0.05	0.6319
-6.15	0	0.9051
-6.15	0.05	0.6284
-6.15	0.1	0.1757
-6.15	0.2	0.0374
-6.15	0.25	0.0306
-6.15	0.35	0.0126
-6.15	0.4	0.014
-6.15	0.5	0.0066
-6.15	0.55	0.0095
-6.15	0.65	0.0046
-6.15	0.7	0.0083
-6.15	0.8	0.0041
-6.15	0.85	0.0092
-6.15	0.95	0.005
-6.15	1	0.0152
-6.15	1.05	0.004
-6.15	1.1	0.0125
-6.15	1.15	0.0891
-6.15	1.2	0.1584
-6.15	1.25	0.1333
-6.15	1.3	0.051
-6.15	1.35	0.0048
-6.15	1.45	0.0034
-6.15	2.4	0.0026
-6.15	2.45	0.0039
-6.15	2.5	0.0028
-6.1	-1.45	0.0038
-6.1	-1.35	0.0053
-6.1	-1.3	0.0573
-6.1	-1.25	0.1482
-6.1	-1.2	0.1785
-6.1	-1.15	0.099
-6.1	-1.1	0.0144
-6.1	-1.05	0.0044
-6.1	-1	0.0172
-6.1	-0.95	0.0055
-6.1	-0.85	0.0104
-6.1	-0.8	0.0044
-6.1	-0.7	0.0091
-6.1	-0.65	0.005
-6.1	-0.55	0.0105
-6.1	-0.5	0.0073
-6.1	-0.4	0.0156
-6.1	-0.35	0.0138
-6.1	-0.25	0.0339
-6.1	-0.2	0.0406
-6.1	-0.15	0.0036
-6.1	-0.1	0.1895
-6.1	-0.05	0.6907
-6.1	0	0.9843
-6.1	0.05	0.6929
-6.1	0.1	0.1909
-6.1	0.15	0.0037
-6.1	0.2	0.041
-6.1	0.25	0.0339
-6.1	0.35	0.0135
-6.1	0.4	0.0156
-6.1	0.5	0.0073
-6.1	0.55	0.0103
-6.1	0.65	0.0051
-6.1	0.7	0.009
-6.1	0.8	0.0044
-6.1	0.85	0.01
-6.1	0.95	0.0053
-6.1	1	0.017
-6.1	1.05	0.0045
-6.1	1.1	0.014
-6.1	1.15	0.097
-6.1	1.2	0.1739
-6.1	1.25	0.1446
-6.1	1.3	0.0561
-6.1	1.35	0.0048
-6.1	1.45	0.0037
-6.1	2.4	0.0028
-6.1	2.45	0.0043
-6.1	2.5	0.003
-6.05	-1.45	0.0033
-6.05	-1.35	0.0047
-6.05	-1.3	0.0482
-6.05	-1.25	0.1254
-6.05	-1.2	0.1495
-6.05	-1.15	0.0839
-6.05	-1.1	0.0118
-6.05	-1.05	0.0039
-6.05	-1	0.0144
-6.05	-0.95	0.0045
-6.05	-0.85	0.0086
-6.05	-0.8	0.0038
-6.05	-0.7	0.0077
-6.05	-0.65	0.0043
-6.05	-0.55	0.009
-6.05	-0.5	0.0061
-6.05	-0.4	0.0135
-6.05	-0.35	0.0117
-6.05	-0.25	0.0285
-6.05	-0.2	0.0355
-6.05	-0.15	0.0032
-6.05	-0.1	0.164
-6.05	-0.05	0.5862
-6.05	0	0.8383
-6.05	0.05	0.5841
-6.05	0.1	0.1623
-6.05	0.2	0.0348
-6.05	0.25	0.0284
-6.05	0.35	0.0118
-6.05	0.4	0.013
-6.05	0.5	0.0062
-6.05	0.55	0.0088
-6.05	0.65	0.0043
-6.05	0.7	0.0078
-6.05	0.8	0.0038
-6.05	0.85	0.0086
-6.05	0.95	0.0046
-6.05	1	0.0142
-6.05	1.05	0.0037
-6.05	1.1	0.0119
-6.05	1.15	0.0822
-6.05	1.2	0.1469
-6.05	1.25	0.1233
-6.05	1.3	0.0476
-6.05	1.35	0.0046
-6.05	1.45	0.0032
-6.05	2.4	0.0024
-6.05	2.45	0.0036
-6.05	2.5	0.0026
-6	-1.45	0.002
-6	-1.35	0.003
-6	-1.3	0.031
-6	-1.25	0.0792
-6	-1.2	0.0949
-6	-1.15	0.0533
-6	-1.1	0.0077
-6	-1.05	0.0023
-6	-1	0.0092
-6	-0.95	0.003
-6	-0.85	0.0056
-6	-0.8	0.0023
-6	-0.7	0.0049
-6	-0.65	0.0027
-6	-0.55	0.0056
-6	-0.5	0.0039
-6	-0.4	0.0084
-6	-0.35	0.0074
-6	-0.25	0.0183
-6	-0.2	0.0222
-6	-0.1	0.1031
-6	-0.05	0.3711
-6	0	0.5253
-6	0.05	0.3686
-6	0.1	0.1023
-6	0.15	0.0025
-6	0.2	0.0219
-6	0.25	0.0179
-6	0.35	0.0072
-6	0.4	0.0083
-6	0.5	0.0039
-6	0.55	0.0055
-6	0.65	0.0028
-6	0.7	0.0047
-6	0.8	0.0024
-6	0.85	0.0054
-6	0.95	0.0029
-6	1	0.0091
-6	1.05	0.0025
-6	1.1	0.0079
-6	1.15	0.052
-6	1.2	0.0928
-6	1.25	0.0778
-6	1.3	0.0297
-6	1.35	0.0026
-6	2.45	0.0023
-5.95	-1.3	0.0126
-5.95	-1.25	0.0329
-5.95	-1.2	0.0388
-5.95	-1.15	0.0216
-5.95	-1.1	0.0031
-5.95	-1	0.0038
-5.95	-0.85	0.0022
-5.95	-0.55	0.0023
-5.95	-0.4	0.0036
-5.95	-0.35	0.003
-5.95	-0.25	0.0076
-5.95	-0.2	0.0092
-5.95	-0.1	0.0409
-5.95	-0.05	0.1536
-5.95	0	0.2179
-5.95	0.05	0.1507
-5.95	0.1	0.0413
-5.95	0.2	0.009
-5.95	0.25	0.0072
-5.95	0.35	0.003
-5.95	0.4	0.0034
-5.95	0.55	0.0023
-5.95	0.85	0.0022
-5.95	1	0.0037
-5.95	1.1	0.003
-5.95	1.15	0.0216
-5.95	1.2	0.0385
-5.95	1.25	0.032
-5.95	1.3	0.0124
-5.9	-1.3	0.0021
-5.9	-1.25	0.0056
-5.9	-1.2	0.0066
-5.9	-1.15	0.0038
-5.9	-0.1	0.0076
-5.9	-0.05	0.0254
-5.9	0	0.0363
-5.9	0.05	0.0257
-5.9	0.1	0.0068
-5.9	1.15	0.0037
-5.9	1.2	0.0065
-5.9	1.25	0.0053
-5.9	1.3	0.0021
-5.85	0	0.0025
-5.8	-1.3	0.0024
-5.8	-1.25	0.0062
-5.8	-1.2	0.0074
-5.8	-1.15	0.0041
-5.8	-0.1	0.0079
-5.8	-0.05	0.0288
-5.8	0	0.0412
-5.8	0.05	0.0289
-5.8	0.1	0.0078
-5.8	1.15	0.004
-5.8	1.2	0.0072
-5.8	1.25	0.006
-5.8	1.3	0.0023
-5.75	-1.3	0.0038
-5.75	-1.25	0.0099
-5.75	-1.2	0.0119
-5.75	-1.15	0.0066
-5.75	-0.25	0.0024
-5.75	-0.2	0.003
-5.75	-0.1	0.0127
-5.75	-0.05	0.0464
-5.75	0	0.066
-5.75	0.05	0.0461
-5.75	0.1	0.0125
-5.75	0.2	0.0029
-5.75	0.25	0.0023
-5.75	1.15	0.0064
-5.75	1.2	0.0117
-5.75	1.25	0.0097
-5.75	1.3	0.0037
-5.7	-1.3	0.0028
-5.7	-1.25	0.0073
-5.7	-1.2	0.0086
-5.7	-1.15	0.0048
-5.7	-0.2	0.0021
-5.7	-0.1	0.0093
-5.7	-0.05	0.0338
-5.7	0	0.0479
-5.7	0.05	0.0335
-5.7	0.1	0.0092
-5.7	0.2	0.0021
-5.7	1.15	0.0047
-5.7	1.2	0.0084
-5.7	1.25	0.0071
-5.7	1.3	0.0027
-5.65	-1.25	0.0021
-5.65	-1.2	0.0026
-5.65	-0.1	0.0028
-5.65	-0.05	0.0101
-5.65	0	0.0142
-5.65	0.05	0.0098
-5.65	0.1	0.0026
-5.65	1.2	0.0025
-5.65	1.25	0.0021
-5.55	-0.1	0.0021
-5.55	-0.05	0.0075
-5.55	0	0.0108
-5.55	0.05	0.0076
-5.55	0.1	0.0021
-5.5	-1.25	0.0034
-5.5	-1.2	0.0041
-5.5	-1.15	0.0023
-5.5	-0.1	0.0044
-5.5	-0.05	0.0158
-5.5	0	0.0226
-5.5	0.05	0.0157
-5.5	0.1	0.0043
-5.5	1.15	0.0022
-5.5	1.2	0.0039
-5.5	1.25	0.0033
-5.45	-1.25	0.0029
-5.45	-1.2	0.0035
-5.45	-0.1	0.0038
-5.45	-0.05	0.0136
-5.45	0	0.0192
-5.45	0.05	0.0133
-5.45	0.1	0.0036
-5.45	1.2	0.0034
-5.45	1.25	0.0028
-5.4	-0.05	0.0047
-5.4	0	0.0067
-5.4	0.05	0.0046
-5.3	-0.05	0.0028
-5.3	0	0.0041
-5.3	0.05	0.0029
-5.25	-0.05	0.0066
-5.25	0	0.0094
-5.25	0.05	0.0066
-5.2	-0.05	0.0055
-5.2	0	0.0079
-5.2	0.05	0.0054
-5.15	0	0.0022
-5.05	-0.05	0.0026
-5.05	0	0.0037
-5.05	0.05	0.0026
-5	-0.05	0.0048
-5	0	0.0068
-5	0.05	0.0047
-4.95	-0.05	0.0038
-4.95	0	0.0052
-4.95	0.05	0.0036
-4.8	0	0.0023
-4.75	-0.05	0.0025
-4.75	0	0.0035
-4.75	0.05	0.0024
-4.7	0	0.0024
-4.45	-0.05	0.0038
-4.45	0	0.0052
-4.45	0.05	0.0035
-4.4	-0.05	0.0051
-4.4	0	0.0071
-4.4	0.05	0.0049
-4.3	-0.05	0.0048
-4.3	0	0.0069
-4.3	0.05	0.0049
-4.25	-1.3	0.005
-4.25	-1.25	0.0132
-4.25	-1.2	0.0154
-4.25	-1.15	0.0087
-4.25	-0.25	0.0031
-4.25	-0.2	0.0036
-4.25	-0.1	0.017
-4.25	-0.05	0.0593
-4.25	0	0.0856
-4.25	0.05	0.0587
-4.25	0.1	0.016
-4.25	0.2	0.0037
-4.25	0.25	0.0029
-4.25	1.15	0.0084
-4.25	1.2	0.0144
-4.25	1.25	0.0119
-4.25	1.3	0.0046
-4.2	-1.3	0.0194
-4.2	-1.25	0.0489
-4.2	-1.2	0.058
-4.2	-1.15	0.0323
-4.2	-1.1	0.0048
-4.2	-1	0.0057
-4.2	-0.85	0.0033
-4.2	-0.7	0.0029
-4.2	-0.55	0.0033
-4.2	-0.5	0.0023
-4.2	-0.4	0.005
-4.2	-0.35	0.0043
-4.2	-0.25	0.0112
-4.2	-0.2	0.0131
-4.2	-0.1	0.0631
-4.2	-0.05	0.2219
-4.2	0	0.3167
-4.2	0.05	0.2181
-4.2	0.1	0.0589
-4.2	0.2	0.0129
-4.2	0.25	0.0107
-4.2	0.35	0.0042
-4.2	0.4	0.0048
-4.2	0.5	0.0023
-4.2	0.55	0.0032
-4.2	0.7	0.0028
-4.2	0.85	0.0031
-4.2	1	0.0053
-4.2	1.1	0.0045
-4.2	1.15	0.0304
-4.2	1.2	0.054
-4.2	1.25	0.0446
-4.2	1.3	0.0175
-4.15	-1.45	0.0029
-4.15	-1.35	0.0042
-4.15	-1.3	0.0429
-4.15	-1.25	0.1103
-4.15	-1.2	0.1312
-4.15	-1.15	0.0742
-4.15	-1.1	0.0103
-4.15	-1.05	0.0033
-4.15	-1	0.0124
-4.15	-0.95	0.0043
-4.15	-0.85	0.0075
-4.15	-0.8	0.0034
-4.15	-0.7	0.0066
-4.15	-0.65	0.0036
-4.15	-0.55	0.0075
-4.15	-0.5	0.0051
-4.15	-0.4	0.0111
-4.15	-0.35	0.0099
-4.15	-0.25	0.0242
-4.15	-0.2	0.0301
-4.15	-0.1	0.1414
-4.15	-0.05	0.4952
-4.15	0	0.7149
-4.15	0.05	0.4981
-4.15	0.1	0.142
-4.15	0.15	0.0022
-4.15	0.2	0.0301
-4.15	0.25	0.0241
-4.15	0.35	0.0095
-4.15	0.4	0.011
-4.15	0.5	0.0049
-4.15	0.55	0.0073
-4.15	0.65	0.0035
-4.15	0.7	0.0061
-4.15	0.8	0.0031
-4.15	0.85	0.0069
-4.15	0.95	0.0038
-4.15	1	0.0117
-4.15	1.05	0.0033
-4.15	1.1	0.0094
-4.15	1.15	0.0678
-4.15	1.2	0.1208
-4.15	1.25	0.1004
-4.15	1.3	0.0385
-4.15	1.35	0.0038
-4.15	1.45	0.0026
-4.15	2.45	0.0028
-4.1	-1.45	0.0045
-4.1	-1.4	0.002
-4.1	-1.35	0.0057
-4.1	-1.3	0.0689
-4.1	-1.25	0.177
-4.1	-1.2	0.2121
-4.1	-1.15	0.1182
-4.1	-1.1	0.0175
-4.1	-1.05	0.0054
-4.1	-1	0.0207
-4.1	-0.95	0.0066
-4.1	-0.9	0.0021
-4.1	-0.85	0.012
-4.1	-0.8	0.0053
-4.1	-0.7	0.0104
-4.1	-0.65	0.006
-4.1	-0.55	0.012
-4.1	-0.5	0.0083
-4.1	-0.4	0.0182
-4.1	-0.35	0.0158
-4.1	-0.25	0.0394
-4.1	-0.2	0.0474
-4.1	-0.15	0.0052
-4.1	-0.1	0.2201
-4.1	-0.05	0.8048
-4.1	0	1.1435
-4.1	0.05	0.7988
-4.1	0.1	0.2194
-4.1	0.15	0.003
-4.1	0.2	0.047
-4.1	0.25	0.039
-4.1	0.35	0.0155
-4.1	0.4	0.0177
-4.1	0.5	0.008
-4.1	0.55	0.0116
-4.1	0.65	0.0055
-4.1	0.7	0.01
-4.1	0.8	0.005
-4.1	0.85	0.0114
-4.1	0.95	0.0061
-4.1	1	0.019
-4.1	1.05	0.0048
-4.1	1.1	0.0162
-4.1	1.15	0.108
-4.1	1.2	0.1948
-4.1	1.25	0.1616
-4.1	1.3	0.0627
-4.1	1.35	0.0058
-4.1	1.45	0.0041
-4.1	2.4	0.003
-4.1	2.45	0.0045
-4.1	2.5	0.0032
-4.05	-1.45	0.0056
-4.05	-1.4	0.0024
-4.05	-1.35	0.0081
-4.05	-1.3	0.0823
-4.05	-1.25	0.2146
-4.05	-1.2	0.2554
-4.05	-1.15	0.1437
-4.05	-1.1	0.0201
-4.05	-1.05	0.0064
-4.05	-1	0.0245
-4.05	-0.95	0.0082
-4.05	-0.9	0.0021
-4.05	-0.85	0.0146
-4.05	-0.8	0.0066
-4.05	-0.7	0.013
-4.05	-0.65	0.0072
-4.05	-0.55	0.0148
-4.05	-0.5	0.0102
-4.05	-0.4	0.022
-4.05	-0.35	0.0198
-4.05	-0.25	0.0468
-4.05	-0.2	0.0584
-4.05	-0.15	0.0026
-4.05	-0.1	0.271
-4.05	-0.05	0.9659
-4.05	0	1.3939
-4.05	0.05	0.9698
-4.05	0.1	0.2746
-4.05	0.15	0.0046
-4.05	0.2	0.0585
-4.05	0.25	0.0472
-4.05	0.35	0.0188
-4.05	0.4	0.0218
-4.05	0.5	0.0096
-4.05	0.55	0.0145
-4.05	0.65	0.0067
-4.05	0.7	0.0122
-4.05	0.8	0.0061
-4.05	0.85	0.0137
-4.05	0.9	0.0023
-4.05	0.95	0.0072
-4.05	1	0.0224
-4.05	1.05	0.0061
-4.05	1.1	0.0178
-4.05	1.15	0.1306
-4.05	1.2	0.2324
-4.05	1.25	0.1958
-4.05	1.3	0.0753
-4.05	1.35	0.0072
-4.05	1.4	0.0021
-4.05	1.45	0.0051
-4.05	2.4	0.0036
-4.05	2.45	0.0054
-4.05	2.5	0.0038
-4	-1.45	0.005
-4	-1.4	0.0023
-4	-1.35	0.0064
-4	-1.3	0.0754
-4	-1.25	0.1954
-4	-1.2	0.2355
-4	-1.15	0.1317
-4	-1.1	0.0198
-4	-1.05	0.0059
-4	-1	0.0232
-4	-0.95	0.0074
-4	-0.9	0.0023
-4	-0.85	0.0135
-4	-0.8	0.006
-4	-0.7	0.0116
-4	-0.65	0.0067
-4	-0.55	0.0134
-4	-0.5	0.0095
-4	-0.4	0.0203
-4	-0.35	0.0181
-4	-0.25	0.0434
-4	-0.2	0.0525
-4	-0.15	0.0061
-4	-0.1	0.2406
-4	-0.05	0.8865
-4	0	1.263
-4	0.05	0.8867
-4	0.1	0.2417
-4	0.15	0.0049
-4	0.2	0.0519
-4	0.25	0.0437
-4	0.35	0.0171
-4	0.4	0.0201
-4	0.5	0.0089
-4	0.55	0.0129
-4	0.65	0.0061
-4	0.7	0.0112
-4	0.8	0.0054
-4	0.85	0.0128
-4	0.9	0.0023
-4	0.95	0.0064
-4	1	0.021
-4	1.05	0.0054
-4	1.1	0.0173
-4	1.15	0.1186
-4	1.2	0.2152
-4	1.25	0.1791
-4	1.3	0.0698
-4	1.35	0.0062
-4	1.45	0.0046
-4	2.4	0.0033
-4	2.45	0.005
-4	2.5	0.0035
-3.95	-1.45	0.0034
-3.95	-1.35	0.0046
-3.95	-1.3	0.049
-3.95	-1.25	0.1296
-3.95	-1.2	0.1544
-3.95	-1.15	0.0876
-3.95	-1.1	0.0121
-3.95	-1.05	0.0038
-3.95	-1	0.015
-3.95	-0.95	0.0051
-3.95	-0.85	0.0088
-3.95	-0.8	0.0041
-3.95	-0.7	0.0078
-3.95	-0.65	0.0044
-3.95	-0.55	0.009
-3.95	-0.5	0.0063
-3.95	-0.4	0.0132
-3.95	-0.35	0.0121
-3.95	-0.25	0.0279
-3.95	-0.2	0.0357
-3.95	-0.1	0.1624
-3.95	-0.05	0.5804
-3.95	0	0.8405
-3.95	0.05	0.5833
-3.95	0.1	0.165
-3.95	0.15	0.0024
-3.95	0.2	0.0352
-3.95	0.25	0.0286
-3.95	0.35	0.0113
-3.95	0.4	0.0131
-3.95	0.5	0.0057
-3.95	0.55	0.0088
-3.95	0.65	0.004
-3.95	0.7	0.0074
-3.95	0.8	0.0036
-3.95	0.85	0.0082
-3.95	0.95	0.0042
-3.95	1	0.0135
-3.95	1.05	0.0037
-3.95	1.1	0.0104
-3.95	1.15	0.0785
-3.95	1.2	0.1399
-3.95	1.25	0.1179
-3.95	1.3	0.0456
-3.95	1.35	0.0045
-3.95	1.45	0.0031
-3.95	2.4	0.0021
-3.95	2.45	0.0032
-3.95	2.5	0.0023
-3.9	-1.3	0.0203
-3.9	-1.25	0.051
-3.9	-1.2	0.0621
-3.9	-1.15	0.0351
-3.9	-1.1	0.005
-3.9	-1	0.0063
-3.9	-0.95	0.0021
-3.9	-0.85	0.0036
-3.9	-0.7	0.0031
-3.9	-0.55	0.0036
-3.9	-0.5	0.0026
-3.9	-0.4	0.0052
-3.9	-0.35	0.0046
-3.9	-0.25	0.0112
-3.9	-0.2	0.0142
-3.9	-0.1	0.0627
-3.9	-0.05	0.2329
-3.9	0	0.33
-3.9	0.05	0.2357
-3.9	0.1	0.0635
-3.9	0.2	0.0141
-3.9	0.25	0.0116
-3.9	0.35	0.0044
-3.9	0.4	0.0052
-3.9	0.5	0.0024
-3.9	0.55	0.0036
-3.9	0.7	0.0029
-3.9	0.85	0.0033
-3.9	1	0.0055
-3.9	1.1	0.004
-3.9	1.15	0.0311
-3.9	1.2	0.0556
-3.9	1.25	0.0471
-3.9	1.3	0.0188
-3.85	-1.3	0.0021
-3.85	-1.25	0.0055
-3.85	-1.2	0.0068
-3.85	-1.15	0.0042
-3.85	-0.1	0.0061
-3.85	-0.05	0.0247
-3.85	0	0.037
-3.85	0.05	0.0262
-3.85	0.1	0.007
-3.85	1.15	0.0031
-3.85	1.2	0.0059
-3.85	1.25	0.0053
-3.8	-1.25	0.0043
-3.8	-1.2	0.0052
-3.8	-1.15	0.003
-3.8	-0.1	0.0057
-3.8	-0.05	0.0212
-3.8	0	0.0285
-3.8	0.05	0.0189
-3.8	0.1	0.0057
-3.8	1.15	0.0027
-3.8	1.2	0.0048
-3.8	1.25	0.0039
-3.75	-1.3	0.0095
-3.75	-1.25	0.0245
-3.75	-1.2	0.0289
-3.75	-1.15	0.0165
-3.75	-1.1	0.0023
-3.75	-1	0.0026
-3.75	-0.4	0.0026
-3.75	-0.35	0.0022
-3.75	-0.25	0.0052
-3.75	-0.2	0.0064
-3.75	-0.1	0.0311
-3.75	-0.05	0.1093
-3.75	0	0.1576
-3.75	0.05	0.1087
-3.75	0.1	0.0297
-3.75	0.2	0.006
-3.75	0.25	0.005
-3.75	0.35	0.0021
-3.75	0.4	0.0023
-3.75	1	0.0024
-3.75	1.1	0.0022
-3.75	1.15	0.0148
-3.75	1.2	0.0261
-3.75	1.25	0.022
-3.75	1.3	0.0084
-3.7	-1.3	0.013
-3.7	-1.25	0.0331
-3.7	-1.2	0.0399
-3.7	-1.15	0.0223
-3.7	-1.1	0.0035
-3.7	-1	0.0036
-3.7	-0.85	0.0022
-3.7	-0.55	0.0022
-3.7	-0.4	0.0034
-3.7	-0.35	0.003
-3.7	-0.25	0.0071
-3.7	-0.2	0.0084
-3.7	-0.1	0.041
-3.7	-0.05	0.149
-3.7	0	0.2122
-3.7	0.05	0.1488
-3.7	0.1	0.0413
-3.7	0.2	0.0081
-3.7	0.25	0.0069
-3.7	0.35	0.0028
-3.7	0.4	0.0032
-3.7	0.55	0.002
-3.7	0.85	0.0021
-3.7	1	0.0034
-3.7	1.1	0.003
-3.7	1.15	0.0199
-3.7	1.2	0.0355
-3.7	1.25	0.0296
-3.7	1.3	0.0116
-3.65	-1.3	0.0078
-3.65	-1.25	0.0205
-3.65	-1.2	0.0245
-3.65	-1.15	0.0139
-3.65	-1.1	0.002
-3.65	-1	0.0022
-3.65	-0.4	0.002
-3.65	-0.25	0.0042
-3.65	-0.2	0.0052
-3.65	-0.1	0.0266
-3.65	-0.05	0.0911
-3.65	0	0.1312
-3.65	0.05	0.0908
-3.65	0.1	0.0258
-3.65	0.2	0.005
-3.65	0.25	0.0043
-3.65	1.15	0.012
-3.65	1.2	0.0216
-3.65	1.25	0.0183
-3.65	1.3	0.0072
-3.6	-1.25	0.0034
-3.6	-1.2	0.004
-3.6	-1.15	0.0023
-3.6	-0.1	0.0042
-3.6	-0.05	0.0144
-3.6	0	0.0211
-3.6	0.05	0.0155
-3.6	0.1	0.0043
-3.6	1.15	0.002
-3.6	1.2	0.0035
-3.6	1.25	0.0029
-3.55	-1.25	0.0024
-3.55	-1.2	0.0025
-3.55	-0.1	0.003
-3.55	-0.05	0.0104
-3.55	0	0.0142
-3.55	0.05	0.0097
-3.55	0.1	0.0024
-3.55	1.2	0.0023
-3.5	-1.3	0.0064
-3.5	-1.25	0.0161
-3.5	-1.2	0.0192
-3.5	-1.15	0.0104
-3.5	-0.25	0.0037
-3.5	-0.2	0.0044
-3.5	-0.1	0.0198
-3.5	-0.05	0.0722
-3.5	0	0.1015
-3.5	0.05	0.0712
-3.5	0.1	0.0197
-3.5	0.2	0.0041
-3.5	0.25	0.0033
-3.5	1.15	0.0095
-3.5	1.2	0.017
-3.5	1.25	0.0139
-3.5	1.3	0.0055
-3.45	-1.3	0.01
-3.45	-1.25	0.026
-3.45	-1.2	0.0309
-3.45	-1.15	0.0173
-3.45	-1.1	0.0024
-3.45	-1	0.0028
-3.45	-0.4	0.0027
-3.45	-0.35	0.0023
-3.45	-0.25	0.0057
-3.45	-0.2	0.007
-3.45	-0.1	0.0326
-3.45	-0.05	0.1154
-3.45	0	0.1645
-3.45	0.05	0.1146
-3.45	0.1	0.0317
-3.45	0.2	0.0065
-3.45	0.25	0.0053
-3.45	0.35	0.0023
-3.45	0.4	0.0025
-3.45	1	0.0026
-3.45	1.1	0.0022
-3.45	1.15	0.0153
-3.45	1.2	0.0272
-3.45	1.25	0.0227
-3.45	1.3	0.0087
-3.4	-1.3	0.0073
-3.4	-1.25	0.019
-3.4	-1.2	0.0228
-3.4	-1.15	0.0129
-3.4	-1	0.0021
-3.4	-0.25	0.0041
-3.4	-0.2	0.0048
-3.4	-0.1	0.0233
-3.4	-0.05	0.0848
-3.4	0	0.12
-3.4	0.05	0.0845
-3.4	0.1	0.0238
-3.4	0.2	0.0047
-3.4	0.25	0.0038
-3.4	1.15	0.0111
-3.4	1.2	0.0197
-3.4	1.25	0.0164
-3.4	1.3	0.0064
-3.35	-1.25	0.0044
-3.35	-1.2	0.0052
-3.35	-1.15	0.0029
-3.35	-0.1	0.0058
-3.35	-0.05	0.0195
-3.35	0	0.0275
-3.35	0.05	0.0192
-3.35	0.1	0.0054
-3.35	1.15	0.0025
-3.35	1.2	0.0046
-3.35	1.25	0.0038
-3.3	-0.05	0.004
-3.3	0	0.0056
-3.3	0.05	0.0042
-3.25	-1.3	0.005
-3.25	-1.25	0.0128
-3.25	-1.2	0.0154
-3.25	-1.15	0.0086
-3.25	-0.25	0.0029
-3.25	-0.2	0.0036
-3.25	-0.1	0.0163
-3.25	-0.05	0.0571
-3.25	0	0.081
-3.25	0.05	0.0573
-3.25	0.1	0.0154
-3.25	0.2	0.0033
-3.25	0.25	0.0029
-3.25	1.15	0.0077
-3.25	1.2	0.0134
-3.25	1.25	0.0111
-3.25	1.3	0.0042
-3.2	-1.3	0.0098
-3.2	-1.25	0.0251
-3.2	-1.2	0.03
-3.2	-1.15	0.0167
-3.2	-1.1	0.0025
-3.2	-1	0.0028
-3.2	-0.4	0.0026
-3.2	-0.35	0.0023
-3.2	-0.25	0.0055
-3.2	-0.2	0.0066
-3.2	-0.1	0.0307
-3.2	-0.05	0.1101
-3.2	0	0.1562
-3.2	0.05	0.1093
-3.2	0.1	0.0304
-3.2	0.2	0.0063
-3.2	0.25	0.0052
-3.2	0.4	0.0023
-3.2	1	0.0025
-3.2	1.1	0.0021
-3.2	1.15	0.0143
-3.2	1.2	0.0255
-3.2	1.25	0.0212
-3.2	1.3	0.0081
-3.15	-1.3	0.0083
-3.15	-1.25	0.0211
-3.15	-1.2	0.0255
-3.15	-1.15	0.0142
-3.15	-1.1	0.0021
-3.15	-1	0.0024
-3.15	-0.4	0.0022
-3.15	-0.25	0.0045
-3.15	-0.2	0.0055
-3.15	-0.1	0.026
-3.15	-0.05	0.0934
-3.15	0	0.1321
-3.15	0.05	0.0929
-3.15	0.1	0.0259
-3.15	0.2	0.0052
-3.15	0.25	0.0044
-3.15	1	0.0021
-3.15	1.15	0.0119
-3.15	1.2	0.0216
-3.15	1.25	0.0179
-3.15	1.3	0.007
-3.1	-1.3	0.0024
-3.1	-1.25	0.0064
-3.1	-1.2	0.0076
-3.1	-1.15	0.0042
-3.1	-0.1	0.0077
-3.1	-0.05	0.0283
-3.1	0	0.0396
-3.1	0.05	0.028
-3.1	0.1	0.0082
-3.1	1.15	0.0035
-3.1	1.2	0.0064
-3.1	1.25	0.0055
-3.1	1.3	0.002
-3.05	0	0.0024
-3	-1.3	0.0048
-3	-1.25	0.0126
-3	-1.2	0.0149
-3	-1.15	0.0081
-3	-0.25	0.0029
-3	-0.2	0.0034
-3	-0.1	0.0146
-3	-0.05	0.0532
-3	0	0.0771
-3	0.05	0.0534
-3	0.1	0.0155
-3	0.2	0.0033
-3	0.25	0.0026
-3	1.15	0.007
-3	1.2	0.0125
-3	1.25	0.0104
-3	1.3	0.0039
-2.95	-1.3	0.0111
-2.95	-1.25	0.0284
-2.95	-1.2	0.0339
-2.95	-1.15	0.0189
-2.95	-1.1	0.0028
-2.95	-1	0.0032
-2.95	-0.4	0.0029
-2.95	-0.35	0.0025
-2.95	-0.25	0.0062
-2.95	-0.2	0.0074
-2.95	-0.1	0.034
-2.95	-0.05	0.1227
-2.95	0	0.1744
-2.95	0.05	0.1215
-2.95	0.1	0.0333
-2.95	0.2	0.007
-2.95	0.25	0.0058
-2.95	0.35	0.0023
-2.95	0.4	0.0026
-2.95	1	0.0028
-2.95	1.1	0.0023
-2.95	1.15	0.0157
-2.95	1.2	0.0281
-2.95	1.25	0.0232
-2.95	1.3	0.009
-2.9	-1.3	0.0104
-2.9	-1.25	0.0272
-2.9	-1.2	0.0323
-2.9	-1.15	0.0182
-2.9	-1.1	0.0026
-2.9	-1	0.003
-2.9	-0.4	0.0027
-2.9	-0.35	0.0023
-2.9	-0.25	0.0058
-2.9	-0.2	0.007
-2.9	-0.1	0.0319
-2.9	-0.05	0.1164
-2.9	0	0.1671
-2.9	0.05	0.1158
-2.9	0.1	0.0325
-2.9	0.2	0.0068
-2.9	0.25	0.0054
-2.9	0.35	0.0022
-2.9	0.4	0.0025
-2.9	1	0.0026
-2.9	1.1	0.002
-2.9	1.15	0.0149
-2.9	1.2	0.0263
-2.9	1.25	0.0222
-2.9	1.3	0.0085
-2.85	-1.3	0.004
-2.85	-1.25	0.0096
-2.85	-1.2	0.0117
-2.85	-1.15	0.0066
-2.85	-0.25	0.0021
-2.85	-0.2	0.0025
-2.85	-0.1	0.0122
-2.85	-0.05	0.042
-2.85	0	0.0595
-2.85	0.05	0.0428
-2.85	0.1	0.0115
-2.85	0.2	0.0023
-2.85	1.15	0.0055
-2.85	1.2	0.0095
-2.85	1.25	0.0079
-2.85	1.3	0.0032
-2.75	-1.3	0.0062
-2.75	-1.25	0.0155
-2.75	-1.2	0.0182
-2.75	-1.15	0.0102
-2.75	-0.25	0.0031
-2.75	-0.2	0.0039
-2.75	-0.1	0.0178
-2.75	-0.05	0.0652
-2.75	0	0.0913
-2.75	0.05	0.0639
-2.75	0.1	0.0171
-2.75	0.2	0.004
-2.75	0.25	0.0032
-2.75	1.15	0.0082
-2.75	1.2	0.0146
-2.75	1.25	0.012
-2.75	1.3	0.0048
-2.7	-1.3	0.0157
-2.7	-1.25	0.0407
-2.7	-1.2	0.0481
-2.7	-1.15	0.0271
-2.7	-1.1	0.0037
-2.7	-1	0.0047
-2.7	-0.85	0.0026
-2.7	-0.7	0.0024
-2.7	-0.55	0.0027
-2.7	-0.4	0.0041
-2.7	-0.35	0.0036
-2.7	-0.25	0.0081
-2.7	-0.2	0.0102
-2.7	-0.1	0.048
-2.7	-0.05	0.1697
-2.7	0	0.2441
-2.7	0.05	0.1689
-2.7	0.1	0.046
-2.7	0.2	0.0103
-2.7	0.25	0.0082
-2.7	0.35	0.0031
-2.7	0.4	0.0035
-2.7	0.55	0.0024
-2.7	0.7	0.002
-2.7	0.85	0.0023
-2.7	1	0.0037
-2.7	1.1	0.0029
-2.7	1.15	0.0215
-2.7	1.2	0.0379
-2.7	1.25	0.0317
-2.7	1.3	0.012
-2.65	-1.3	0.017
-2.65	-1.25	0.0434
-2.65	-1.2	0.052
-2.65	-1.15	0.029
-2.65	-1.1	0.0043
-2.65	-1	0.0051
-2.65	-0.85	0.0029
-2.65	-0.7	0.0026
-2.65	-0.55	0.0029
-2.65	-0.5	0.002
-2.65	-0.4	0.0042
-2.65	-0.35	0.0038
-2.65	-0.25	0.0089
-2.65	-0.2	0.0106
-2.65	-0.1	0.0504
-2.65	-0.05	0.1839
-2.65	0	0.2605
-2.65	0.05	0.1823
-2.65	0.1	0.0491
-2.65	0.2	0.0107
-2.65	0.25	0.0089
-2.65	0.35	0.0033
-2.65	0.4	0.0038
-2.65	0.55	0.0026
-2.65	0.7	0.0022
-2.65	0.85	0.0025
-2.65	1	0.004
-2.65	1.1	0.0034
-2.65	1.15	0.0228
-2.65	1.2	0.0409
-2.65	1.25	0.0338
-2.65	1.3	0.0132
-2.6	-1.3	0.0075
-2.6	-1.25	0.0191
-2.6	-1.2	0.0225
-2.6	-1.15	0.0128
-2.6	-1	0.0021
-2.6	-0.25	0.0039
-2.6	-0.2	0.0045
-2.6	-0.1	0.024
-2.6	-0.05	0.0785
-2.6	0	0.1131
-2.6	0.05	0.0768
-2.6	0.1	0.0207
-2.6	0.2	0.0046
-2.6	0.25	0.0036
-2.6	1.15	0.0098
-2.6	1.2	0.0175
-2.6	1.25	0.0146
-2.6	1.3	0.0055
-2.5	-1.3	0.0097
-2.5	-1.25	0.0255
-2.5	-1.2	0.0302
-2.5	-1.15	0.0166
-2.5	-1.1	0.0023
-2.5	-1	0.0029
-2.5	-0.4	0.0026
-2.5	-0.35	0.0023
-2.5	-0.25	0.0051
-2.5	-0.2	0.0066
-2.5	-0.1	0.0275
-2.5	-0.05	0.1017
-2.5	0	0.1472
-2.5	0.05	0.1032
-2.5	0.1	0.0274
-2.5	0.2	0.0059
-2.5	0.25	0.005
-2.5	0.4	0.0022
-2.5	1	0.0022
-2.5	1.15	0.0122
-2.5	1.2	0.0225
-2.5	1.25	0.0187
-2.5	1.3	0.0071
-2.45	-2.45	0.0022
-2.45	-1.45	0.0021
-2.45	-1.35	0.0027
-2.45	-1.3	0.0308
-2.45	-1.25	0.0803
-2.45	-1.2	0.0968
-2.45	-1.15	0.0536
-2.45	-1.1	0.0084
-2.45	-1.05	0.0024
-2.45	-1	0.0095
-2.45	-0.95	0.0031
-2.45	-0.85	0.0054
-2.45	-0.8	0.0024
-2.45	-0.7	0.0046
-2.45	-0.65	0.0026
-2.45	-0.55	0.0053
-2.45	-0.5	0.0036
-2.45	-0.4	0.0078
-2.45	-0.35	0.007
-2.45	-0.25	0.0163
-2.45	-0.2	0.0198
-2.45	-0.1	0.0884
-2.45	-0.05	0.3293
-2.45	0	0.4674
-2.45	0.05	0.3295
-2.45	0.1	0.089
-2.45	0.15	0.0023
-2.45	0.2	0.0193
-2.45	0.25	0.0159
-2.45	0.35	0.006
-2.45	0.4	0.0071
-2.45	0.5	0.0032
-2.45	0.55	0.0045
-2.45	0.65	0.0022
-2.45	0.7	0.0038
-2.45	0.85	0.0044
-2.45	0.95	0.0022
-2.45	1	0.0072
-2.45	1.1	0.0058
-2.45	1.15	0.0399
-2.45	1.2	0.072
-2.45	1.25	0.0594
-2.45	1.3	0.0227
-2.4	-2.45	0.0028
-2.4	-1.45	0.0028
-2.4	-1.35	0.004
-2.4	-1.3	0.0408
-2.4	-1.25	0.1055
-2.4	-1.2	0.1252
-2.4	-1.15	0.0696
-2.4	-1.1	0.0095
-2.4	-1.05	0.0031
-2.4	-1	0.0118
-2.4	-0.95	0.0038
-2.4	-0.85	0.0069
-2.4	-0.8	0.0031
-2.4	-0.7	0.0062
-2.4	-0.65	0.0035
-2.4	-0.55	0.007
-2.4	-0.5	0.0048
-2.4	-0.4	0.0101
-2.4	-0.35	0.0089
-2.4	-0.25	0.0207
-2.4	-0.2	0.026
-2.4	-0.1	0.1179
-2.4	-0.05	0.4198
-2.4	0	0.6009
-2.4	0.05	0.4177
-2.4	0.1	0.1171
-2.4	0.2	0.0247
-2.4	0.25	0.0203
-2.4	0.35	0.008
-2.4	0.4	0.009
-2.4	0.5	0.0041
-2.4	0.55	0.006
-2.4	0.65	0.0028
-2.4	0.7	0.0051
-2.4	0.8	0.0024
-2.4	0.85	0.0055
-2.4	0.95	0.0029
-2.4	1	0.0089
-2.4	1.05	0.0024
-2.4	1.1	0.0071
-2.4	1.15	0.051
-2.4	1.2	0.091
-2.4	1.25	0.0761
-2.4	1.3	0.0292
-2.4	1.35	0.0028
-2.35	-1.35	0.0023
-2.35	-1.3	0.0228
-2.35	-1.25	0.0605
-2.35	-1.2	0.0722
-2.35	-1.15	0.039
-2.35	-1.1	0.0061
-2.35	-1	0.0067
-2.35	-0.95	0.0021
-2.35	-0.85	0.0039
-2.35	-0.7	0.0034
-2.35	-0.55	0.0038
-2.35	-0.5	0.0028
-2.35	-0.4	0.0053
-2.35	-0.35	0.0049
-2.35	-0.25	0.0118
-2.35	-0.2	0.0136
-2.35	-0.1	0.0646
-2.35	-0.05	0.2355
-2.35	0	0.3282
-2.35	0.05	0.2293
-2.35	0.1	0.0633
-2.35	0.2	0.0134
-2.35	0.25	0.0111
-2.35	0.35	0.0041
-2.35	0.4	0.005
-2.35	0.5	0.0024
-2.35	0.55	0.0033
-2.35	0.7	0.0028
-2.35	0.85	0.003
-2.35	1	0.005
-2.35	1.1	0.0038
-2.35	1.15	0.0279
-2.35	1.2	0.0498
-2.35	1.25	0.0408
-2.35	1.3	0.0162
-2.3	-0.05	0.0079
-2.3	0	0.008
-2.3	0.05	0.0044
-2.25	-2.45	0.0022
-2.25	-1.45	0.0023
-2.25	-1.35	0.0033
-2.25	-1.3	0.0335
-2.25	-1.25	0.0886
-2.25	-1.2	0.105
-2.25	-1.15	0.0562
-2.25	-1.1	0.0084
-2.25	-1.05	0.0024
-2.25	-1	0.01
-2.25	-0.95	0.0032
-2.25	-0.85	0.0058
-2.25	-0.8	0.0025
-2.25	-0.7	0.0048
-2.25	-0.65	0.0026
-2.25	-0.55	0.0052
-2.25	-0.5	0.0036
-2.25	-0.4	0.0078
-2.25	-0.35	0.0068
-2.25	-0.25	0.0175
-2.25	-0.2	0.0196
-2.25	-0.1	0.0888
-2.25	-0.05	0.3253
-2.25	0	0.4644
-2.25	0.05	0.3238
-2.25	0.1	0.0934
-2.25	0.15	0.0023
-2.25	0.2	0.0184
-2.25	0.25	0.0155
-2.25	0.35	0.0058
-2.25	0.4	0.0068
-2.25	0.5	0.0034
-2.25	0.55	0.0042
-2.25	0.65	0.0021
-2.25	0.7	0.0037
-2.25	0.85	0.0043
-2.25	0.95	0.0022
-2.25	1	0.007
-2.25	1.1	0.0061
-2.25	1.15	0.0396
-2.25	1.2	0.0696
-2.25	1.25	0.0576
-2.25	1.3	0.0218
-2.2	-2.55	0.0026
-2.2	-2.5	0.0189
-2.2	-2.45	0.0097
-2.2	-2.4	0.0025
-2.2	-1.6	0.0023
-2.2	-1.5	0.0023
-2.2	-1.45	0.0119
-2.2	-1.4	0.0048
-2.2	-1.35	0.0173
-2.2	-1.3	0.1711
-2.2	-1.25	0.4363
-2.2	-1.2	0.5198
-2.2	-1.15	0.2879
-2.2	-1.1	0.0402
-2.2	-1.05	0.0124
-2.2	-1	0.0487
-2.2	-0.95	0.0157
-2.2	-0.9	0.0049
-2.2	-0.85	0.0289
-2.2	-0.8	0.0131
-2.2	-0.75	0.0025
-2.2	-0.7	0.0244
-2.2	-0.65	0.0131
-2.2	-0.6	0.0021
-2.2	-0.55	0.0275
-2.2	-0.5	0.019
-2.2	-0.45	0.0024
-2.2	-0.4	0.0399
-2.2	-0.35	0.0339
-2.2	-0.3	0.0037
-2.2	-0.25	0.0795
-2.2	-0.2	0.0997
-2.2	-0.15	0.0077
-2.2	-0.1	0.4711
-2.2	-0.05	1.6054
-2.2	0	2.3024
-2.2	0.05	1.6166
-2.2	0.1	0.4358
-2.2	0.2	0.0915
-2.2	0.25	0.0771
-2.2	0.3	0.0028
-2.2	0.35	0.0306
-2.2	0.4	0.0338
-2.2	0.45	0.0025
-2.2	0.5	0.0154
-2.2	0.55	0.0223
-2.2	0.65	0.0108
-2.2	0.7	0.0191
-2.2	0.75	0.0023
-2.2	0.8	0.0089
-2.2	0.85	0.0207
-2.2	0.9	0.0032
-2.2	0.95	0.0107
-2.2	1	0.0331
-2.2	1.05	0.0086
-2.2	1.1	0.0275
-2.2	1.15	0.1944
-2.2	1.2	0.3389
-2.2	1.25	0.2851
-2.2	1.3	0.1087
-2.2	1.35	0.0096
-2.2	1.4	0.0029
-2.2	1.45	0.0072
-2.2	2.4	0.0045
-2.2	2.45	0.0067
-2.2	2.5	0.0048
-2.15	-2.45	0.0028
-2.15	-2.4	0.0035
-2.15	-2.35	0.0033
-2.15	-1.75	0.0022
-2.15	-1.65	0.0025
-2.15	-1.6	0.007
-2.15	-1.5	0.0053
-2.15	-1.45	0.0251
-2.15	-1.4	0.011
-2.15	-1.35	0.0373
-2.15	-1.3	0.4082
-2.15	-1.25	1.0505
-2.15	-1.2	1.2517
-2.15	-1.15	0.6852
-2.15	-1.1	0.0959
-2.15	-1.05	0.0276
-2.15	-1	0.1119
-2.15	-0.95	0.0355
-2.15	-0.9	0.0107
-2.15	-0.85	0.0657
-2.15	-0.8	0.028
-2.15	-0.75	0.0072
-2.15	-0.7	0.0567
-2.15	-0.65	0.0313
-2.15	-0.6	0.0058
-2.15	-0.55	0.0643
-2.15	-0.5	0.0445
-2.15	-0.45	0.0049
-2.15	-0.4	0.0912
-2.15	-0.35	0.08
-2.15	-0.3	0.0029
-2.15	-0.25	0.1883
-2.15	-0.2	0.2238
-2.15	-0.15	0.0158
-2.15	-0.1	1.0258
-2.15	-0.05	3.678
-2.15	0	5.1811
-2.15	0.05	3.6133
-2.15	0.1	0.9951
-2.15	0.15	0.022
-2.15	0.2	0.2083
-2.15	0.25	0.1704
-2.15	0.3	0.0069
-2.15	0.35	0.0671
-2.15	0.4	0.0775
-2.15	0.45	0.0032
-2.15	0.5	0.0354
-2.15	0.55	0.0506
-2.15	0.6	0.0034
-2.15	0.65	0.0246
-2.15	0.7	0.0425
-2.15	0.75	0.0047
-2.15	0.8	0.0205
-2.15	0.85	0.0463
-2.15	0.9	0.0082
-2.15	0.95	0.0238
-2.15	1	0.0764
-2.15	1.05	0.0198
-2.15	1.1	0.0643
-2.15	1.15	0.4264
-2.15	1.2	0.7609
-2.15	1.25	0.6276
-2.15	1.3	0.2394
-2.15	1.35	0.0215
-2.15	1.4	0.007
-2.15	1.45	0.0156
-2.15	1.5	0.003
-2.15	1.6	0.0031
-2.15	2.35	0.0027
-2.15	2.4	0.0099
-2.15	2.45	0.0149
-2.15	2.5	0.0104
-2.15	2.55	0.0028
-2.1	-1.6	0.0039
-2.1	-1.55	0.0025
-2.1	-1.5	0.0157
-2.1	-1.45	0.0856
-2.1	-1.4	0.0305
-2.1	-1.35	0.0731
-2.1	-1.3	0.6542
-2.1	-1.25	1.5694
-2.1	-1.2	1.8072
-2.1	-1.15	1.0199
-2.1	-1.1	0.15
-2.1	-1.05	0.0473
-2.1	-1	0.1773
-2.1	-0.95	0.0549
-2.1	-0.9	0.0177
-2.1	-0.85	0.0986
-2.1	-0.8	0.0432
-2.1	-0.75	0.009
-2.1	-0.7	0.0851
-2.1	-0.65	0.0473
-2.1	-0.6	0.0067
-2.1	-0.55	0.0962
-2.1	-0.5	0.066
-2.1	-0.45	0.0079
-2.1	-0.4	0.1413
-2.1	-0.35	0.1211
-2.1	-0.3	0.0138
-2.1	-0.25	0.2932
-2.1	-0.2	0.3564
-2.1	-0.15	0.0373
-2.1	-0.1	1.621
-2.1	-0.05	5.7303
-2.1	0	8.062
-2.1	0.05	5.5183
-2.1	0.1	1.5353
-2.1	0.15	0.0052
-2.1	0.2	0.3108
-2.1	0.25	0.2533
-2.1	0.3	0.0072
-2.1	0.35	0.103
-2.1	0.4	0.1141
-2.1	0.45	0.0075
-2.1	0.5	0.0535
-2.1	0.55	0.0762
-2.1	0.6	0.0074
-2.1	0.65	0.0359
-2.1	0.7	0.0661
-2.1	0.75	0.0075
-2.1	0.8	0.0312
-2.1	0.85	0.0711
-2.1	0.9	0.0113
-2.1	0.95	0.0377
-2.1	1	0.115
-2.1	1.05	0.0288
-2.1	1.1	0.0964
-2.1	1.15	0.6502
-2.1	1.2	1.1569
-2.1	1.25	0.9608
-2.1	1.3	0.3642
-2.1	1.35	0.0367
-2.1	1.4	0.0101
-2.1	1.45	0.0235
-2.1	1.5	0.0046
-2.1	1.6	0.0047
-2.1	2.35	0.0039
-2.1	2.4	0.0151
-2.1	2.45	0.0223
-2.1	2.5	0.0159
-2.1	2.55	0.0042
-2.05	-1.8	0.0021
-2.05	-1.6	0.0093
-2.05	-1.55	0.004
-2.05	-1.5	0.0064
-2.05	-1.45	0.0116
-2.05	-1.4	0.0047
-2.05	-1.35	0.0242
-2.05	-1.3	0.7606
-2.05	-1.25	3.9514
-2.05	-1.2	4.7547
-2.05	-1.15	1.8955
-2.05	-1.1	0.2111
-2.05	-1.05	0.0529
-2.05	-1	0.1979
-2.05	-0.95	0.0629
-2.05	-0.9	0.0191
-2.05	-0.85	0.1194
-2.05	-0.8	0.051
-2.05	-0.75	0.0134
-2.05	-0.7	0.1022
-2.05	-0.65	0.055
-2.05	-0.6	0.0097
-2.05	-0.55	0.1077
-2.05	-0.5	0.0754
-2.05	-0.45	0.0084
-2.05	-0.4	0.1521
-2.05	-0.35	0.1347
-2.05	-0.3	0.0065
-2.05	-0.25	0.3271
-2.05	-0.2	0.3903
-2.05	-0.15	0.0205
-2.05	-0.1	1.8383
-2.05	-0.05	6.5677
-2.05	0	9.2636
-2.05	0.05	6.4405
-2.05	0.1	1.7632
-2.05	0.15	0.0336
-2.05	0.2	0.3612
-2.05	0.25	0.2937
-2.05	0.3	0.0121
-2.05	0.35	0.1175
-2.05	0.4	0.1327
-2.05	0.45	0.0064
-2.05	0.5	0.0607
-2.05	0.55	0.086
-2.05	0.6	0.0051
-2.05	0.65	0.0411
-2.05	0.7	0.072
-2.05	0.75	0.0087
-2.05	0.8	0.0344
-2.05	0.85	0.0782
-2.05	0.9	0.0132
-2.05	0.95	0.0411
-2.05	1	0.1302
-2.05	1.05	0.0339
-2.05	1.1	0.1111
-2.05	1.15	0.7435
-2.05	1.2	1.3176
-2.05	1.25	1.0898
-2.05	1.3	0.4181
-2.05	1.35	0.0363
-2.05	1.4	0.0118
-2.05	1.45	0.0266
-2.05	1.5	0.005
-2.05	1.6	0.0052
-2.05	2.35	0.0044
-2.05	2.4	0.0168
-2.05	2.45	0.0252
-2.05	2.5	0.0178
-2.05	2.55	0.0048
-2	-1.65	0.0149
-2	-1.6	0.0681
-2	-1.55	0.005
-2	-1.5	0.0034
-2	-1.45	0.0128
-2	-1.4	0.0067
-2	-1.35	0.1449
-2	-1.3	1.0591
-2	-1.25	0.5224
-2	-1.2	0.4067
-2	-1.15	0.2419
-2	-1.1	0.0652
-2	-1.05	0.0499
-2	-1	0.5087
-2	-0.95	0.1353
-2	-0.9	0.0272
-2	-0.85	0.1189
-2	-0.8	0.0457
-2	-0.75	0.0103
-2	-0.7	0.0869
-2	-0.65	0.0489
-2	-0.6	0.007
-2	-0.55	0.1018
-2	-0.5	0.0694
-2	-0.45	0.0078
-2	-0.4	0.1406
-2	-0.35	0.1188
-2	-0.3	0.012
-2	-0.25	0.2801
-2	-0.2	0.3358
-2	-0.15	0.0357
-2	-0.1	1.568
-2	-0.05	5.5889
-2	0	7.9072
-2	0.05	5.4929
-2	0.1	1.5179
-2	0.15	0.0096
-2	0.2	0.3152
-2	0.25	0.2555
-2	0.3	0.0063
-2	0.35	0.1065
-2	0.4	0.1162
-2	0.45	0.0066
-2	0.5	0.0552
-2	0.55	0.0762
-2	0.6	0.0069
-2	0.65	0.0364
-2	0.7	0.0654
-2	0.75	0.0079
-2	0.8	0.0304
-2	0.85	0.0693
-2	0.9	0.0108
-2	0.95	0.0363
-2	1	0.1116
-2	1.05	0.0271
-2	1.1	0.0925
-2	1.15	0.6376
-2	1.2	1.135
-2	1.25	0.9406
-2	1.3	0.3611
-2	1.35	0.0343
-2	1.4	0.01
-2	1.45	0.0232
-2	1.5	0.0046
-2	1.6	0.0048
-2	2.35	0.0037
-2	2.4	0.0144
-2	2.45	0.0214
-2	2.5	0.0152
-2	2.55	0.004
-1.95	-1.5	0.0028
-1.95	-1.45	0.0964
-1.95	-1.4	0.1283
-1.95	-1.35	0.1531
-1.95	-1.3	0.2522
-1.95	-1.25	0.3251
-1.95	-1.2	0.3581
-1.95	-1.15	0.5303
-1.95	-1.1	0.1455
-1.95	-1.05	0.0211
-1.95	-1	0.0358
-1.95	-0.95	0.0074
-1.95	-0.9	0.003
-1.95	-0.85	0.0217
-1.95	-0.8	0.0203
-1.95	-0.75	0.012
-1.95	-0.7	0.1531
-1.95	-0.65	0.0515
-1.95	-0.6	0.0072
-1.95	-0.55	0.0655
-1.95	-0.5	0.0439
-1.95	-0.45	0.0052
-1.95	-0.4	0.0941
-1.95	-0.35	0.0829
-1.95	-0.3	0.0054
-1.95	-0.25	0.1996
-1.95	-0.2	0.2376
-1.95	-0.15	0.0124
-1.95	-0.1	1.0763
-1.95	-0.05	3.7188
-1.95	0	5.1663
-1.95	0.05	3.549
-1.95	0.1	0.9587
-1.95	0.15	0.0241
-1.95	0.2	0.202
-1.95	0.25	0.1617
-1.95	0.3	0.0061
-1.95	0.35	0.0693
-1.95	0.4	0.0764
-1.95	0.45	0.0037
-1.95	0.5	0.0362
-1.95	0.55	0.0514
-1.95	0.6	0.0029
-1.95	0.65	0.0256
-1.95	0.7	0.0429
-1.95	0.75	0.0048
-1.95	0.8	0.0211
-1.95	0.85	0.046
-1.95	0.9	0.0079
-1.95	0.95	0.0245
-1.95	1	0.0754
-1.95	1.05	0.0191
-1.95	1.1	0.0619
-1.95	1.15	0.4242
-1.95	1.2	0.7435
-1.95	1.25	0.6089
-1.95	1.3	0.2334
-1.95	1.35	0.0211
-1.95	1.4	0.0065
-1.95	1.45	0.0147
-1.95	1.5	0.0026
-1.95	1.6	0.0031
-1.95	2.35	0.0026
-1.95	2.4	0.0094
-1.95	2.45	0.014
-1.95	2.5	0.0098
-1.95	2.55	0.0026
-1.9	-1.35	0.004
-1.9	-1.3	0.1019
-1.9	-1.25	0.7026
-1.9	-1.2	7.3857
-1.9	-1.15	2.134
-1.9	-1.1	0.0404
-1.9	-1.05	0.0054
-1.9	-1	0.0139
-1.9	-0.95	0.005
-1.9	-0.9	0.0038
-1.9	-0.85	0.0522
-1.9	-0.8	0.0114
-1.9	-0.7	0.0052
-1.9	-0.65	0.0032
-1.9	-0.55	0.0242
-1.9	-0.5	0.0524
-1.9	-0.45	0.0047
-1.9	-0.4	0.0588
-1.9	-0.35	0.0371
-1.9	-0.3	0.004
-1.9	-0.25	0.0875
-1.9	-0.2	0.1083
-1.9	-0.15	0.0114
-1.9	-0.1	0.5185
-1.9	-0.05	1.923
-1.9	0	2.66
-1.9	0.05	1.7893
-1.9	0.1	0.4727
-1.9	0.15	0.0047
-1.9	0.2	0.0929
-1.9	0.25	0.0722
-1.9	0.35	0.0318
-1.9	0.4	0.0336
-1.9	0.5	0.0175
-1.9	0.55	0.0231
-1.9	0.65	0.0119
-1.9	0.7	0.0204
-1.9	0.75	0.0023
-1.9	0.8	0.0105
-1.9	0.85	0.0228
-1.9	0.9	0.0034
-1.9	0.95	0.0122
-1.9	1	0.0363
-1.9	1.05	0.0084
-1.9	1.1	0.0303
-1.9	1.15	0.2037
-1.9	1.2	0.3599
-1.9	1.25	0.2941
-1.9	1.3	0.1116
-1.9	1.35	0.0105
-1.9	1.4	0.003
-1.9	1.45	0.0067
-1.9	2.4	0.0044
-1.9	2.45	0.0066
-1.9	2.5	0.0046
-1.85	-1.3	0.0035
-1.85	-1.25	0.0123
-1.85	-1.2	0.0214
-1.85	-1.15	0.0196
-1.85	-1.1	0.0046
-1.85	-1.05	0.0044
-1.85	-1	0.1657
-1.85	-0.95	0.0477
-1.85	-0.9	0.0022
-1.85	-0.85	0.0038
-1.85	-0.7	0.0025
-1.85	-0.65	0.0055
-1.85	-0.6	0.0032
-1.85	-0.55	0.0044
-1.85	-0.4	0.0025
-1.85	-0.35	0.0027
-1.85	-0.25	0.0701
-1.85	-0.2	0.1218
-1.85	-0.1	0.1115
-1.85	-0.05	0.396
-1.85	0	0.5935
-1.85	0.05	0.4417
-1.85	0.1	0.1223
-1.85	0.15	0.0025
-1.85	0.2	0.0266
-1.85	0.25	0.0192
-1.85	0.35	0.0092
-1.85	0.4	0.0088
-1.85	0.5	0.0048
-1.85	0.55	0.0057
-1.85	0.65	0.0032
-1.85	0.7	0.0052
-1.85	0.8	0.0032
-1.85	0.85	0.006
-1.85	0.95	0.0033
-1.85	1	0.0096
-1.85	1.05	0.0025
-1.85	1.1	0.0086
-1.85	1.15	0.0563
-1.85	1.2	0.0975
-1.85	1.25	0.0797
-1.85	1.3	0.0295
-1.85	1.35	0.0028
-1.8	-0.1	0.0023
-1.8	-0.05	0.0127
-1.8	0	0.0359
-1.8	0.05	0.0421
-1.8	0.1	0.0038
-1.8	1.15	0.003
-1.8	1.2	0.0046
-1.8	1.25	0.0032
-1.75	-0.55	0.0126
-1.75	-0.5	0.0072
-1.75	-0.2	0.0026
-1.75	-0.1	0.0556
-1.75	-0.05	0.0346
-1.75	0	0.0291
-1.75	0.05	0.0137
-1.75	0.1	0.0032
-1.75	0.25	0.0058
-1.75	1.15	0.0074
-1.75	1.2	0.0136
-1.75	1.25	0.0114
-1.75	1.3	0.0045
-1.7	-0.4	0.0054
-1.7	-0.35	0.0443
-1.7	-0.3	0.0027
-1.7	-0.25	0.0099
-1.7	-0.2	0.0049
-1.7	-0.1	0.0088
-1.7	-0.05	0.0361
-1.7	0	0.0921
-1.7	0.05	0.2563
-1.7	0.1	0.2591
-1.7	0.2	0.0083
-1.7	0.25	0.0028
-1.7	0.55	0.005
-1.7	0.85	0.0028
-1.7	1	0.0047
-1.7	1.1	0.0031
-1.7	1.15	0.0213
-1.7	1.2	0.038
-1.7	1.25	0.031
-1.7	1.3	0.0119
-1.65	-0.25	0.0029
-1.65	-0.2	0.0106
-1.65	-0.15	0.0027
-1.65	-0.1	0.5138
-1.65	-0.05	0.336
-1.65	0	0.1057
-1.65	0.05	0.036
-1.65	0.1	0.0072
-1.65	0.2	0.0029
-1.65	0.25	0.0043
-1.65	0.35	0.0135
-1.65	0.4	0.0091
-1.65	0.8	0.0026
-1.65	0.85	0.0022
-1.65	1	0.0029
-1.65	1.1	0.0036
-1.65	1.15	0.0268
-1.65	1.2	0.0442
-1.65	1.25	0.0337
-1.65	1.3	0.0116
-1.6	-0.1	0.0029
-1.6	-0.05	0.0193
-1.6	0	0.0606
-1.6	0.05	0.1481
-1.6	0.1	0.1846
-1.6	0.2	0.0023
-1.6	0.55	0.0073
-1.6	1	0.0027
-1.6	1.15	0.0029
-1.6	1.2	0.0052
-1.6	1.25	0.0098
-1.6	1.3	0.0064
-1.55	0.35	0.0035
-1.55	1.2	0.0021
-1.55	1.25	0.008
-1.55	1.3	0.0029
-1.5	1.15	0.002
-1.45	1.2	0.0079
-1.45	1.25	0.0224
-1.45	1.3	0.0175
-1.35	1.15	0.0091
-1.35	1.2	0.01
-1.1	-0.05	0.0562
-1.1	0	0.2826
-1.1	0.05	0.0232
-1.1	0.1	0.0075
-1.1	0.5	0.0023
-1.05	-0.25	0.004
-1	1.15	0.0191
-0.95	-0.45	0.0101
-0.95	1.3	0.0022
-0.5	-0.9	0.003
-0.25	-1	0.0101
-0.1	-0.05	0.0022
-0.1	0	0.0032
-0.1	0.05	0.0022
-0.05	-0.05	0.0032
-0.05	0	0.0046
-0.05	0.05	0.0033