0.3	-1	0.0024
0.4	-0.95	0.0028
0.45	-0.95	0.006
0.55	-0.9	0.0143
0.6	-0.9	0.0022
0.6	-0.85	5.1891
0.65	-0.85	0.0208
0.65	-0.8	0.1047
0.65	-0.05	0.0024
0.65	0	0.0024
0.7	-0.85	0.0066
0.7	-0.8	0.1755
0.7	-0.75	0.0085
0.7	-0.1	0.0021
0.7	-0.05	0.004
0.7	0	0.004
0.7	0.05	0.0022
0.75	-0.85	0.0037
0.75	-0.8	0.0111
0.75	-0.75	0.5041
0.75	-0.1	0.0025
0.75	-0.05	0.0049
0.75	0	0.0051
0.75	0.05	0.0029
0.8	-0.85	0.0022
0.8	-0.8	0.0037
0.8	-0.75	0.0065
0.8	-0.7	0.0468
0.8	-0.1	0.0025
0.8	-0.05	0.0048
0.8	0	0.0051
0.8	0.05	0.003
0.85	-0.65	0.0503
0.85	-0.6	0.0028
0.85	-0.05	0.0038
0.85	0	0.0041
0.85	0.05	0.0026
0.9	-0.6	0.014
0.9	-0.05	0.0024
0.9	0	0.0026
0.95	-0.5	0.0147
1	-0.45	0.0128
1.05	-0.35	0.0039
1.1	-0.25	0.0139
1.15	-0.15	0.002
1.15	-0.1	0.2814
1.15	-0.05	0.0081
1.15	0	0.0032
1.2	-0.05	0.004
1.2	0	0.0338
1.2	0.05	0.077
1.2	0.1	0.0035
1.25	0.2	0.0086
1.25	0.25	0.0154
1.3	0.5	0.0047
1.3	0.55	0.0051
1.35	0.8	0.0049
1.35	0.85	0.0134
1.35	0.9	0.0026
1.5	-0.85	0.0072
1.5	-0.8	0.0094
1.5	-0.75	0.0189
1.6	-0.75	0.0022
1.6	-0.05	0.0069
1.6	0	0.0467
1.6	0.05	0.0239
1.6	0.1	0.0085
1.65	-0.95	0.0035
1.65	-0.9	0.02
1.65	-0.85	0.0103
1.65	-0.8	0.0056
1.65	-0.75	0.002
1.65	-0.4	0.0043
1.65	-0.05	0.0038
1.65	0	0.0051
1.65	0.05	0.0039
1.65	0.4	0.0041
1.65	0.45	0.0034
1.65	0.55	0.0044
1.65	2.5	0.002
1.7	-0.95	0.003
1.7	-0.9	0.0157
1.7	-0.85	0.0317
1.7	-0.8	0.0347
1.7	-0.75	0.0207
1.7	-0.7	0.0064
1.7	-0.6	0.0095
1.7	-0.55	0.0056
1.7	-0.1	0.033
1.7	-0.05	0.4615
1.7	0	0.5952
1.7	0.05	0.1214
1.7	0.1	0.0221
1.7	0.75	0.0093
1.7	0.8	0.0342
1.7	0.85	0.0731
1.7	0.9	0.0962
1.7	0.95	0.0371
1.7	1.05	0.0024
1.75	-0.95	0.0059
1.75	-0.9	0.0332
1.75	-0.85	0.0682
1.75	-0.8	0.0751
1.75	-0.75	0.0431
1.75	-0.7	0.0078
1.75	-0.6	0.0082
1.75	-0.55	0.0054
1.75	-0.45	0.003
1.75	-0.4	0.0069
1.75	-0.35	0.0022
1.75	-0.3	0.012
1.75	-0.25	0.0294
1.75	-0.2	0.0052
1.75	-0.1	0.0128
1.75	-0.05	0.0288
1.75	0	0.0373
1.75	0.05	0.0301
1.75	0.1	0.0142
1.75	0.2	0.0057
1.75	0.25	0.0203
1.75	0.3	0.0257
1.75	0.35	0.0048
1.75	0.4	0.0138
1.75	0.45	0.0049
1.75	0.75	0.0044
1.75	0.8	0.0075
1.75	0.85	0.0071
1.75	0.9	0.0038
1.8	-1.05	0.0027
1.8	-0.95	0.0096
1.8	-0.9	0.0487
1.8	-0.85	0.0987
1.8	-0.8	0.1068
1.8	-0.75	0.0609
1.8	-0.7	0.0108
1.8	-0.6	0.013
1.8	-0.55	0.0091
1.8	-0.45	0.007
1.8	-0.4	0.0112
1.8	-0.35	0.0022
1.8	-0.3	0.0039
1.8	-0.25	0.0161
1.8	-0.2	0.008
1.8	-0.15	0.0023
1.8	-0.1	0.0478
1.8	-0.05	0.3047
1.8	0	0.647
1.8	0.05	0.6223
1.8	0.1	0.1702
1.8	0.15	0.0033
1.8	0.2	0.0027
1.8	0.25	0.0041
1.8	0.55	0.005
1.8	0.6	0.0146
1.8	0.65	0.0063
1.8	0.7	0.0554
1.8	0.75	0.1963
1.8	0.8	0.1702
1.8	0.85	0.0631
1.8	0.9	0.0175
1.8	0.95	0.0021
1.85	-1.1	0.0022
1.85	-1.05	0.003
1.85	-0.95	0.0117
1.85	-0.9	0.0604
1.85	-0.85	0.1186
1.85	-0.8	0.1268
1.85	-0.75	0.07
1.85	-0.7	0.0121
1.85	-0.65	0.0025
1.85	-0.6	0.015
1.85	-0.55	0.0096
1.85	-0.45	0.0078
1.85	-0.4	0.0126
1.85	-0.35	0.0023
1.85	-0.3	0.0056
1.85	-0.25	0.0225
1.85	-0.2	0.0123
1.85	-0.15	0.0072
1.85	-0.1	0.1194
1.85	-0.05	0.3323
1.85	0	0.4346
1.85	0.05	0.2862
1.85	0.1	0.0778
1.85	0.15	0.0025
1.85	0.2	0.0048
1.85	0.25	0.013
1.85	0.3	0.0122
1.85	0.35	0.0044
1.85	0.4	0.0215
1.85	0.45	0.0111
1.85	0.6	0.0025
1.85	0.7	0.0021
1.85	0.75	0.0128
1.85	0.8	0.0285
1.85	0.85	0.038
1.85	0.9	0.0293
1.85	0.95	0.01
1.85	1.05	0.0131
1.85	1.1	0.0155
1.9	-1.1	0.002
1.9	-1.05	0.0027
1.9	-0.95	0.012
1.9	-0.9	0.0569
1.9	-0.85	0.1118
1.9	-0.8	0.1175
1.9	-0.75	0.0645
1.9	-0.7	0.0103
1.9	-0.65	0.0026
1.9	-0.6	0.014
1.9	-0.55	0.0088
1.9	-0.45	0.0075
1.9	-0.4	0.011
1.9	-0.3	0.0051
1.9	-0.25	0.0192
1.9	-0.2	0.0097
1.9	-0.15	0.0061
1.9	-0.1	0.1039
1.9	-0.05	0.2887
1.9	0	0.3919
1.9	0.05	0.2956
1.9	0.1	0.1054
1.9	0.15	0.0059
1.9	0.2	0.0155
1.9	0.25	0.0275
1.9	0.3	0.0072
1.9	0.35	0.0022
1.9	0.4	0.0098
1.9	0.45	0.0044
1.9	0.55	0.0027
1.9	0.6	0.0075
1.9	0.65	0.0055
1.9	0.7	0.0407
1.9	0.75	0.1192
1.9	0.8	0.1384
1.9	0.85	0.0448
1.9	0.9	0.0128
1.9	2.4	0.0036
1.9	2.45	0.0034
1.95	-0.95	0.0083
1.95	-0.9	0.0396
1.95	-0.85	0.0755
1.95	-0.8	0.0792
1.95	-0.75	0.0422
1.95	-0.7	0.0067
1.95	-0.65	0.0022
1.95	-0.6	0.0102
1.95	-0.55	0.0059
1.95	-0.45	0.0057
1.95	-0.4	0.0079
1.95	-0.3	0.004
1.95	-0.25	0.0141
1.95	-0.2	0.0062
1.95	-0.15	0.0063
1.95	-0.1	0.0758
1.95	-0.05	0.1985
1.95	0	0.2562
1.95	0.05	0.1823
1.95	0.1	0.061
1.95	0.15	0.0023
1.95	0.2	0.0097
1.95	0.25	0.0161
1.95	0.3	0.0038
1.95	0.4	0.0092
1.95	0.45	0.0061
1.95	0.55	0.008
1.95	0.6	0.0115
1.95	0.7	0.012
1.95	0.75	0.0335
1.95	0.8	0.0275
1.95	0.85	0.0211
1.95	0.9	0.0119
1.95	0.95	0.0051
1.95	1.05	0.0086
1.95	1.1	0.0032
2	-0.95	0.0043
2	-0.9	0.0189
2	-0.85	0.0356
2	-0.8	0.0359
2	-0.75	0.0185
2	-0.7	0.0025
2	-0.6	0.0047
2	-0.55	0.0026
2	-0.45	0.0028
2	-0.4	0.0037
2	-0.3	0.0022
2	-0.25	0.0069
2	-0.2	0.0031
2	-0.15	0.0031
2	-0.1	0.04
2	-0.05	0.101
2	0	0.1269
2	0.05	0.0879
2	0.1	0.028
2	0.2	0.0051
2	0.25	0.0074
2	0.4	0.0041
2	0.45	0.0024
2	0.55	0.0033
2	0.6	0.0044
2	0.7	0.0063
2	0.75	0.0294
2	0.8	0.0499
2	0.85	0.0453
2	0.9	0.0234
2	0.95	0.0046
2.05	-0.9	0.0047
2.05	-0.85	0.0083
2.05	-0.8	0.0082
2.05	-0.75	0.0038
2.05	-0.1	0.0104
2.05	-0.05	0.0255
2.05	0	0.0303
2.05	0.05	0.0196
2.05	0.1	0.0057
2.05	0.75	0.007
2.05	0.8	0.0106
2.05	0.85	0.009
2.05	0.9	0.0041
2.15	-0.9	0.0029
2.15	-0.85	0.0056
2.15	-0.8	0.006
2.15	-0.75	0.0032
2.15	-0.1	0.0057
2.15	-0.05	0.0153
2.15	0	0.0201
2.15	0.05	0.0145
2.15	0.1	0.005
2.15	0.75	0.0041
2.15	0.8	0.0069
2.15	0.85	0.0062
2.15	0.9	0.0031
2.2	-0.9	0.0071
2.2	-0.85	0.013
2.2	-0.8	0.013
2.2	-0.75	0.0067
2.2	-0.25	0.0025
2.2	-0.1	0.0152
2.2	-0.05	0.0371
2.2	0	0.0463
2.2	0.05	0.0318
2.2	0.1	0.0099
2.2	0.25	0.0025
2.2	0.7	0.0024
2.2	0.75	0.0105
2.2	0.8	0.0168
2.2	0.85	0.0143
2.2	0.9	0.0066
2.25	-0.95	0.002
2.25	-0.9	0.0078
2.25	-0.85	0.0134
2.25	-0.8	0.013
2.25	-0.75	0.0063
2.25	-0.25	0.0025
2.25	-0.15	0.0021
2.25	-0.1	0.0173
2.25	-0.05	0.0403
2.25	0	0.048
2.25	0.05	0.0316
2.25	0.1	0.0093
2.25	0.25	0.0025
2.25	0.7	0.0029
2.25	0.75	0.0113
2.25	0.8	0.0174
2.25	0.85	0.0146
2.25	0.9	0.0065
2.3	-0.9	0.0046
2.3	-0.85	0.0075
2.3	-0.8	0.007
2.3	-0.75	0.0033
2.3	-0.1	0.0106
2.3	-0.05	0.0227
2.3	0	0.0262
2.3	0.05	0.0169
2.3	0.1	0.005
2.3	0.75	0.0066
2.3	0.8	0.0095
2.3	0.85	0.0076
2.3	0.9	0.0033
2.35	-0.1	0.0027
2.35	-0.05	0.0054
2.35	0	0.0064
2.35	0.05	0.0048
2.35	0.1	0.0023
2.35	0.8	0.0023
2.4	-0.85	0.0021
2.4	-0.8	0.0027
2.4	-0.75	0.0021
2.4	-0.05	0.005
2.4	0	0.0082
2.4	0.05	0.0076
2.4	0.1	0.0041
2.4	0.8	0.0025
2.4	0.85	0.0028
2.45	-0.9	0.0034
2.45	-0.85	0.0068
2.45	-0.8	0.0076
2.45	-0.75	0.0045
2.45	-0.1	0.0068
2.45	-0.05	0.0187
2.45	0	0.0254
2.45	0.05	0.0196
2.45	0.1	0.0077
2.45	0.75	0.0047
2.45	0.8	0.0085
2.45	0.85	0.0081
2.45	0.9	0.0043
2.5	-0.9	0.0052
2.5	-0.85	0.0097
2.5	-0.8	0.01
2.5	-0.75	0.0055
2.5	-0.1	0.0109
2.5	-0.05	0.0275
2.5	0	0.0353
2.5	0.05	0.0252
2.5	0.1	0.0088
2.5	0.75	0.0073
2.5	0.8	0.012
2.5	0.85	0.0106
2.5	0.9	0.0052
2.55	-0.9	0.0036
2.55	-0.85	0.0064
2.55	-0.8	0.0064
2.55	-0.75	0.0034
2.55	-0.1	0.0076
2.55	-0.05	0.0179
2.55	0	0.0222
2.55	0.05	0.0157
2.55	0.1	0.0051
2.55	0.75	0.0051
2.55	0.8	0.0079
2.55	0.85	0.0068
2.55	0.9	0.0032
2.6	0	0.0022
2.6	0.05	0.0021
2.65	-0.9	0.002
2.65	-0.85	0.004
2.65	-0.8	0.0041
2.65	-0.75	0.0023
2.65	-0.1	0.0041
2.65	-0.05	0.0109
2.65	0	0.0141
2.65	0.05	0.0106
2.65	0.1	0.0037
2.65	0.75	0.0028
2.65	0.8	0.005
2.65	0.85	0.0045
2.65	0.9	0.0021
2.7	-0.95	0.0035
2.7	-0.9	0.0143
2.7	-0.85	0.0264
2.7	-0.8	0.0256
2.7	-0.75	0.0128
2.7	-0.6	0.0034
2.7	-0.45	0.0024
2.7	-0.4	0.0027
2.7	-0.3	0.0023
2.7	-0.25	0.0058
2.7	-0.2	0.0025
2.7	-0.15	0.0028
2.7	-0.1	0.031
2.7	-0.05	0.0749
2.7	0	0.0933
2.7	0.05	0.0634
2.7	0.1	0.0197
2.7	0.2	0.0043
2.7	0.25	0.0052
2.7	0.4	0.0034
2.7	0.55	0.003
2.7	0.6	0.0036
2.7	0.7	0.0045
2.7	0.75	0.02
2.7	0.8	0.0323
2.7	0.85	0.0279
2.7	0.9	0.0126
2.7	0.95	0.002
2.75	-0.95	0.0092
2.75	-0.9	0.0368
2.75	-0.85	0.0668
2.75	-0.8	0.0654
2.75	-0.75	0.0319
2.75	-0.7	0.004
2.75	-0.65	0.0022
2.75	-0.6	0.008
2.75	-0.55	0.0039
2.75	-0.45	0.0057
2.75	-0.4	0.0061
2.75	-0.3	0.0052
2.75	-0.25	0.0139
2.75	-0.2	0.005
2.75	-0.15	0.0077
2.75	-0.1	0.0767
2.75	-0.05	0.1893
2.75	0	0.2323
2.75	0.05	0.1571
2.75	0.1	0.047
2.75	0.2	0.0095
2.75	0.25	0.0128
2.75	0.3	0.0021
2.75	0.35	0.0024
2.75	0.4	0.0079
2.75	0.45	0.0038
2.75	0.55	0.0073
2.75	0.6	0.0084
2.75	0.7	0.0122
2.75	0.75	0.0514
2.75	0.8	0.0827
2.75	0.85	0.0697
2.75	0.9	0.0317
2.75	0.95	0.005
2.75	1.05	0.0022
2.8	-1.1	0.0024
2.8	-1.05	0.0024
2.8	-0.95	0.0148
2.8	-0.9	0.0618
2.8	-0.85	0.1107
2.8	-0.8	0.1086
2.8	-0.75	0.0541
2.8	-0.7	0.0067
2.8	-0.65	0.0034
2.8	-0.6	0.0131
2.8	-0.55	0.0062
2.8	-0.45	0.0088
2.8	-0.4	0.0099
2.8	-0.3	0.0085
2.8	-0.25	0.0219
2.8	-0.2	0.0077
2.8	-0.15	0.0125
2.8	-0.1	0.1289
2.8	-0.05	0.3134
2.8	0	0.3849
2.8	0.05	0.2585
2.8	0.1	0.0796
2.8	0.2	0.0149
2.8	0.25	0.02
2.8	0.3	0.0035
2.8	0.35	0.0033
2.8	0.4	0.0125
2.8	0.45	0.0061
2.8	0.55	0.0116
2.8	0.6	0.0132
2.8	0.7	0.02
2.8	0.75	0.0866
2.8	0.8	0.1371
2.8	0.85	0.1168
2.8	0.9	0.0524
2.8	0.95	0.0086
2.8	1.05	0.0035
2.85	-1.1	0.0029
2.85	-1.05	0.0029
2.85	-0.95	0.0187
2.85	-0.9	0.0758
2.85	-0.85	0.1376
2.85	-0.8	0.1357
2.85	-0.75	0.0688
2.85	-0.7	0.0095
2.85	-0.65	0.0037
2.85	-0.6	0.0157
2.85	-0.55	0.0077
2.85	-0.45	0.0107
2.85	-0.4	0.0119
2.85	-0.3	0.0099
2.85	-0.25	0.0265
2.85	-0.2	0.0095
2.85	-0.15	0.0156
2.85	-0.1	0.1581
2.85	-0.05	0.3888
2.85	0	0.4774
2.85	0.05	0.3273
2.85	0.1	0.1014
2.85	0.15	0.0044
2.85	0.2	0.0173
2.85	0.25	0.0247
2.85	0.3	0.0044
2.85	0.35	0.0039
2.85	0.4	0.015
2.85	0.45	0.0074
2.85	0.55	0.0135
2.85	0.6	0.016
2.85	0.7	0.0251
2.85	0.75	0.1071
2.85	0.8	0.1725
2.85	0.85	0.1465
2.85	0.9	0.0675
2.85	0.95	0.0109
2.85	1.05	0.0042
2.85	1.1	0.0025
2.9	-1.1	0.0027
2.9	-1.05	0.0027
2.9	-0.95	0.0172
2.9	-0.9	0.0731
2.9	-0.85	0.1327
2.9	-0.8	0.1329
2.9	-0.75	0.0687
2.9	-0.7	0.0103
2.9	-0.65	0.0035
2.9	-0.6	0.0148
2.9	-0.55	0.0076
2.9	-0.45	0.0098
2.9	-0.4	0.0116
2.9	-0.3	0.0093
2.9	-0.25	0.0251
2.9	-0.2	0.0089
2.9	-0.15	0.0146
2.9	-0.1	0.1538
2.9	-0.05	0.3786
2.9	0	0.4729
2.9	0.05	0.326
2.9	0.1	0.1049
2.9	0.15	0.0034
2.9	0.2	0.016
2.9	0.25	0.0233
2.9	0.3	0.0044
2.9	0.35	0.0033
2.9	0.4	0.014
2.9	0.45	0.0072
2.9	0.55	0.0127
2.9	0.6	0.0149
2.9	0.7	0.0229
2.9	0.75	0.1021
2.9	0.8	0.1646
2.9	0.85	0.1434
2.9	0.9	0.0665
2.9	0.95	0.0118
2.9	1.05	0.004
2.9	1.1	0.0024
2.95	-1.1	0.002
2.95	-1.05	0.0021
2.95	-0.95	0.0129
2.95	-0.9	0.0552
2.95	-0.85	0.1025
2.95	-0.8	0.1035
2.95	-0.75	0.0551
2.95	-0.7	0.009
2.95	-0.65	0.0022
2.95	-0.6	0.0108
2.95	-0.55	0.006
2.95	-0.45	0.007
2.95	-0.4	0.0086
2.95	-0.3	0.0065
2.95	-0.25	0.0186
2.95	-0.2	0.007
2.95	-0.15	0.0101
2.95	-0.1	0.1134
2.95	-0.05	0.2858
2.95	0	0.3611
2.95	0.05	0.2558
2.95	0.1	0.0855
2.95	0.15	0.0052
2.95	0.2	0.0113
2.95	0.25	0.0181
2.95	0.3	0.0037
2.95	0.35	0.0023
2.95	0.4	0.0105
2.95	0.45	0.0055
2.95	0.55	0.0092
2.95	0.6	0.0114
2.95	0.7	0.0175
2.95	0.75	0.0758
2.95	0.8	0.125
2.95	0.85	0.1097
2.95	0.9	0.0526
2.95	0.95	0.0096
2.95	1.05	0.0029
3	-0.95	0.007
3	-0.9	0.0315
3	-0.85	0.0589
3	-0.8	0.0616
3	-0.75	0.0339
3	-0.7	0.0063
3	-0.6	0.0061
3	-0.55	0.0036
3	-0.45	0.0038
3	-0.4	0.0049
3	-0.3	0.0034
3	-0.25	0.0105
3	-0.2	0.0042
3	-0.15	0.0058
3	-0.1	0.0635
3	-0.05	0.161
3	0	0.2083
3	0.05	0.1499
3	0.1	0.053
3	0.15	0.0032
3	0.2	0.0059
3	0.25	0.0102
3	0.3	0.0023
3	0.4	0.0057
3	0.45	0.0033
3	0.55	0.0051
3	0.6	0.0064
3	0.7	0.0089
3	0.75	0.0425
3	0.8	0.071
3	0.85	0.0638
3	0.9	0.0315
3	0.95	0.0065
3.05	-0.95	0.0025
3.05	-0.9	0.0114
3.05	-0.85	0.0229
3.05	-0.8	0.0247
3.05	-0.75	0.0145
3.05	-0.7	0.0033
3.05	-0.6	0.0022
3.05	-0.25	0.0039
3.05	-0.1	0.0225
3.05	-0.05	0.0602
3.05	0	0.0809
3.05	0.05	0.0619
3.05	0.1	0.0235
3.05	0.15	0.0026
3.05	0.25	0.0038
3.05	0.4	0.002
3.05	0.6	0.0026
3.05	0.7	0.0031
3.05	0.75	0.0158
3.05	0.8	0.0276
3.05	0.85	0.0255
3.05	0.9	0.0133
3.05	0.95	0.003
3.1	-0.85	0.0041
3.1	-0.8	0.0049
3.1	-0.75	0.0034
3.1	-0.1	0.0032
3.1	-0.05	0.0101
3.1	0	0.0152
3.1	0.05	0.0128
3.1	0.1	0.0062
3.1	0.75	0.0025
3.1	0.8	0.0048
3.1	0.85	0.0049
3.1	0.9	0.003
3.2	-0.85	0.0028
3.2	-0.8	0.0027
3.2	-0.1	0.0032
3.2	-0.05	0.0078
3.2	0	0.0096
3.2	0.05	0.0065
3.2	0.1	0.002
3.2	0.75	0.0021
3.2	0.8	0.0034
3.2	0.85	0.0029
3.25	-0.85	0.0037
3.25	-0.8	0.0038
3.25	-0.1	0.004
3.25	-0.05	0.0102
3.25	0	0.013
3.25	0.05	0.0091
3.25	0.1	0.0029
3.25	0.75	0.0027
3.25	0.8	0.0045
3.25	0.85	0.0039
3.3	-0.85	0.0022
3.3	-0.8	0.0022
3.3	-0.1	0.0022
3.3	-0.05	0.0059
3.3	0	0.0076
3.3	0.05	0.0053
3.3	0.8	0.0026
3.3	0.85	0.0023
3.45	-0.05	0.0027
3.45	0	0.0033
3.45	0.05	0.0024
3.5	-0.05	0.0031
3.5	0	0.0041
3.5	0.05	0.0032
3.55	-0.05	0.0023
3.55	0	0.0033
3.55	0.05	0.0027
3.6	0	0.0022
3.75	-0.9	0.0033
3.75	-0.85	0.0058
3.75	-0.8	0.0054
3.75	-0.75	0.0025
3.75	-0.1	0.0074
3.75	-0.05	0.0163
3.75	0	0.0192
3.75	0.05	0.0126
3.75	0.1	0.0037
3.75	0.75	0.0045
3.75	0.8	0.0069
3.75	0.85	0.0057
3.75	0.9	0.0024
3.8	-0.95	0.0029
3.8	-0.9	0.0118
3.8	-0.85	0.0217
3.8	-0.8	0.0219
3.8	-0.75	0.0112
3.8	-0.6	0.0024
3.8	-0.25	0.0043
3.8	-0.15	0.0023
3.8	-0.1	0.0239
3.8	-0.05	0.0603
3.8	0	0.075
3.8	0.05	0.0517
3.8	0.1	0.0165
3.8	0.2	0.0024
3.8	0.25	0.0037
3.8	0.4	0.0022
3.8	0.55	0.0022
3.8	0.6	0.0025
3.8	0.7	0.0037
3.8	0.75	0.0161
3.8	0.8	0.0264
3.8	0.85	0.0228
3.8	0.9	0.0107
3.85	-0.95	0.006
3.85	-0.9	0.0267
3.85	-0.85	0.0501
3.85	-0.8	0.0518
3.85	-0.75	0.0281
3.85	-0.7	0.0045
3.85	-0.6	0.0053
3.85	-0.55	0.0031
3.85	-0.45	0.0035
3.85	-0.4	0.0044
3.85	-0.3	0.0033
3.85	-0.25	0.0095
3.85	-0.2	0.004
3.85	-0.15	0.0042
3.85	-0.1	0.0532
3.85	-0.05	0.1374
3.85	0	0.1772
3.85	0.05	0.1253
3.85	0.1	0.0428
3.85	0.2	0.0051
3.85	0.25	0.0085
3.85	0.4	0.005
3.85	0.45	0.0028
3.85	0.55	0.0046
3.85	0.6	0.0058
3.85	0.7	0.0077
3.85	0.75	0.0359
3.85	0.8	0.0603
3.85	0.85	0.0537
3.85	0.9	0.026
3.85	0.95	0.0051
3.9	-0.95	0.0094
3.9	-0.9	0.0429
3.9	-0.85	0.0829
3.9	-0.8	0.0874
3.9	-0.75	0.0488
3.9	-0.7	0.0092
3.9	-0.6	0.0086
3.9	-0.55	0.0052
3.9	-0.45	0.0055
3.9	-0.4	0.0073
3.9	-0.3	0.0048
3.9	-0.25	0.0154
3.9	-0.2	0.007
3.9	-0.15	0.0067
3.9	-0.1	0.0828
3.9	-0.05	0.2228
3.9	0	0.2905
3.9	0.05	0.2146
3.9	0.1	0.0755
3.9	0.15	0.0047
3.9	0.2	0.0078
3.9	0.25	0.0144
3.9	0.3	0.0035
3.9	0.4	0.0081
3.9	0.45	0.0049
3.9	0.55	0.0069
3.9	0.6	0.0096
3.9	0.7	0.0117
3.9	0.75	0.0567
3.9	0.8	0.098
3.9	0.85	0.0894
3.9	0.9	0.0448
3.9	0.95	0.0089
3.9	1.05	0.0021
3.95	-1.05	0.0024
3.95	-0.95	0.0109
3.95	-0.9	0.0523
3.95	-0.85	0.1026
3.95	-0.8	0.1098
3.95	-0.75	0.0628
3.95	-0.7	0.0121
3.95	-0.6	0.0103
3.95	-0.55	0.0069
3.95	-0.45	0.0064
3.95	-0.4	0.0092
3.95	-0.3	0.0055
3.95	-0.25	0.0185
3.95	-0.2	0.009
3.95	-0.15	0.0067
3.95	-0.1	0.0998
3.95	-0.05	0.2703
3.95	0	0.3638
3.95	0.05	0.2703
3.95	0.1	0.0996
3.95	0.15	0.0067
3.95	0.2	0.0089
3.95	0.25	0.0177
3.95	0.3	0.0047
3.95	0.4	0.01
3.95	0.45	0.0063
3.95	0.55	0.0083
3.95	0.6	0.0118
3.95	0.7	0.0131
3.95	0.75	0.0689
3.95	0.8	0.1201
3.95	0.85	0.1116
3.95	0.9	0.0566
3.95	0.95	0.0118
3.95	1.05	0.0025
4	-1.05	0.0023
4	-0.95	0.0097
4	-0.9	0.0481
4	-0.85	0.0963
4	-0.8	0.105
4	-0.75	0.0611
4	-0.7	0.0127
4	-0.6	0.0096
4	-0.55	0.0067
4	-0.45	0.0058
4	-0.4	0.0088
4	-0.3	0.0046
4	-0.25	0.0173
4	-0.2	0.0089
4	-0.15	0.0058
4	-0.1	0.0883
4	-0.05	0.25
4	0	0.3384
4	0.05	0.2588
4	0.1	0.0966
4	0.15	0.0082
4	0.2	0.0076
4	0.25	0.0168
4	0.3	0.0047
4	0.4	0.0091
4	0.45	0.0062
4	0.55	0.0074
4	0.6	0.0113
4	0.7	0.0121
4	0.75	0.063
4	0.8	0.1129
4	0.85	0.1061
4	0.9	0.055
4	0.95	0.0121
4	1.05	0.0023
4.05	-0.95	0.0063
4.05	-0.9	0.032
4.05	-0.85	0.065
4.05	-0.8	0.0727
4.05	-0.75	0.0434
4.05	-0.7	0.0094
4.05	-0.6	0.0064
4.05	-0.55	0.0048
4.05	-0.45	0.0037
4.05	-0.4	0.006
4.05	-0.3	0.0029
4.05	-0.25	0.0116
4.05	-0.2	0.0064
4.05	-0.15	0.0034
4.05	-0.1	0.0595
4.05	-0.05	0.1676
4.05	0	0.2336
4.05	0.05	0.1796
4.05	0.1	0.0697
4.05	0.15	0.0057
4.05	0.2	0.0047
4.05	0.25	0.0111
4.05	0.3	0.0035
4.05	0.4	0.006
4.05	0.45	0.0044
4.05	0.55	0.0048
4.05	0.6	0.0076
4.05	0.7	0.0071
4.05	0.75	0.0417
4.05	0.8	0.076
4.05	0.85	0.073
4.05	0.9	0.0387
4.05	0.95	0.009
4.1	-0.95	0.0025
4.1	-0.9	0.0133
4.1	-0.85	0.0281
4.1	-0.8	0.0321
4.1	-0.75	0.0199
4.1	-0.7	0.0048
4.1	-0.6	0.0026
4.1	-0.55	0.0021
4.1	-0.4	0.0026
4.1	-0.25	0.0049
4.1	-0.2	0.003
4.1	-0.1	0.0237
4.1	-0.05	0.0704
4.1	0	0.1008
4.1	0.05	0.0815
4.1	0.1	0.0324
4.1	0.15	0.0034
4.1	0.25	0.0049
4.1	0.4	0.0025
4.1	0.6	0.0034
4.1	0.7	0.0029
4.1	0.75	0.0171
4.1	0.8	0.0326
4.1	0.85	0.0319
4.1	0.9	0.0176
4.1	0.95	0.0042
4.15	-0.85	0.0043
4.15	-0.8	0.0051
4.15	-0.75	0.0035
4.15	-0.1	0.0033
4.15	-0.05	0.0102
4.15	0	0.0157
4.15	0.05	0.0132
4.15	0.1	0.0065
4.15	0.75	0.0024
4.15	0.8	0.0048
4.15	0.85	0.0051
4.15	0.9	0.003
4.2	-0.05	0.0028
4.2	0	0.0035
4.2	0.05	0.0022
4.25	-0.9	0.0047
4.25	-0.85	0.0093
4.25	-0.8	0.01
4.25	-0.75	0.0057
4.25	-0.1	0.0087
4.25	-0.05	0.0242
4.25	0	0.0327
4.25	0.05	0.0244
4.25	0.1	0.0087
4.25	0.75	0.0061
4.25	0.8	0.0108
4.25	0.85	0.0101
4.25	0.9	0.0051
4.3	-0.9	0.007
4.3	-0.85	0.0147
4.3	-0.8	0.0163
4.3	-0.75	0.0098
4.3	-0.7	0.0021
4.3	-0.25	0.0028
4.3	-0.1	0.0123
4.3	-0.05	0.0369
4.3	0	0.0518
4.3	0.05	0.0407
4.3	0.1	0.0157
4.3	0.25	0.0027
4.3	0.75	0.0089
4.3	0.8	0.0169
4.3	0.85	0.0163
4.3	0.9	0.0087
4.35	-0.9	0.0047
4.35	-0.85	0.0105
4.35	-0.8	0.0124
4.35	-0.75	0.0078
4.35	-0.25	0.002
4.35	-0.1	0.0081
4.35	-0.05	0.026
4.35	0	0.0384
4.35	0.05	0.0314
4.35	0.1	0.013
4.35	0.75	0.006
4.35	0.8	0.012
4.35	0.85	0.0122
4.35	0.9	0.0069
4.4	-0.85	0.0029
4.4	-0.8	0.0037
4.4	-0.75	0.0027
4.4	-0.05	0.0067
4.4	0	0.0109
4.4	0.05	0.01
4.4	0.1	0.0047
4.4	0.8	0.0032
4.4	0.85	0.0036
4.4	0.9	0.0022
4.5	-0.9	0.0027
4.5	-0.85	0.005
4.5	-0.8	0.005
4.5	-0.75	0.0026
4.5	-0.1	0.0053
4.5	-0.05	0.0134
4.5	0	0.0169
4.5	0.05	0.012
4.5	0.1	0.0041
4.5	0.75	0.0036
4.5	0.8	0.0058
4.5	0.85	0.0051
4.5	0.9	0.0024
4.55	-0.9	0.0051
4.55	-0.85	0.01
4.55	-0.8	0.0109
4.55	-0.75	0.0061
4.55	-0.1	0.0093
4.55	-0.05	0.0264
4.55	0	0.0354
4.55	0.05	0.0262
4.55	0.1	0.0095
4.55	0.75	0.0066
4.55	0.8	0.0117
4.55	0.85	0.011
4.55	0.9	0.0055
4.6	-0.9	0.0045
4.6	-0.85	0.0095
4.6	-0.8	0.0106
4.6	-0.75	0.0062
4.6	-0.1	0.008
4.6	-0.05	0.0242
4.6	0	0.0339
4.6	0.05	0.0263
4.6	0.1	0.0099
4.6	0.75	0.0058
4.6	0.8	0.0109
4.6	0.85	0.0106
4.6	0.9	0.0056
4.65	-0.85	0.004
4.65	-0.8	0.0048
4.65	-0.75	0.0029
4.65	-0.1	0.0029
4.65	-0.05	0.01
4.65	0	0.0148
4.65	0.05	0.0119
4.65	0.1	0.0048
4.65	0.75	0.0023
4.65	0.8	0.0046
4.65	0.85	0.0047
4.65	0.9	0.0026
4.75	-0.85	0.0021
4.75	-0.8	0.0023
4.75	-0.1	0.0024
4.75	-0.05	0.0053
4.75	0	0.0071
4.75	0.05	0.0059
4.75	0.1	0.003
4.75	0.8	0.0023
4.75	0.85	0.0023
4.8	-0.9	0.0034
4.8	-0.85	0.0072
4.8	-0.8	0.0085
4.8	-0.75	0.0058
4.8	-0.1	0.0063
4.8	-0.05	0.0179
4.8	0	0.0258
4.8	0.05	0.0218
4.8	0.1	0.0102
4.8	0.75	0.0044
4.8	0.8	0.0081
4.8	0.85	0.0083
4.8	0.9	0.0049
4.85	-0.9	0.0042
4.85	-0.85	0.0095
4.85	-0.8	0.0121
4.85	-0.75	0.0086
4.85	-0.7	0.0028
4.85	-0.1	0.0071
4.85	-0.05	0.0228
4.85	0	0.0353
4.85	0.05	0.0314
4.85	0.1	0.0152
4.85	0.15	0.0027
4.85	0.75	0.0052
4.85	0.8	0.0106
4.85	0.85	0.0116
4.85	0.9	0.0072
4.85	0.95	0.0022
4.9	-0.9	0.0026
4.9	-0.85	0.0068
4.9	-0.8	0.0094
4.9	-0.75	0.0074
4.9	-0.7	0.0028
4.9	-0.1	0.0043
4.9	-0.05	0.015
4.9	0	0.0261
4.9	0.05	0.0256
4.9	0.1	0.0139
4.9	0.15	0.0029
4.9	0.75	0.0032
4.9	0.8	0.0073
4.9	0.85	0.0088
4.9	0.9	0.006
4.9	0.95	0.0021
4.95	-0.85	0.0021
4.95	-0.8	0.0037
4.95	-0.75	0.0037
4.95	-0.05	0.004
4.95	0	0.0089
4.95	0.05	0.0109
4.95	0.1	0.0076
4.95	0.15	0.0024
4.95	0.8	0.0022
4.95	0.85	0.0033
4.95	0.9	0.0028
5	-0.1	0.002
5	0.1	0.0021
5.05	-0.1	0.0052
5.05	-0.05	0.0067
5.05	0	0.0047
5.05	0.75	0.0026
5.05	0.8	0.0024
5.1	-0.9	0.0026
5.1	-0.85	0.0034
5.1	-0.8	0.0024
5.1	-0.1	0.0065
5.1	-0.05	0.0112
5.1	0	0.0104
5.1	0.05	0.005
5.1	0.75	0.0037
5.1	0.8	0.0043
5.1	0.85	0.0027
5.15	-0.85	0.0026
5.15	-0.8	0.0022
5.15	-0.1	0.0042
5.15	-0.05	0.0081
5.15	0	0.0084
5.15	0.05	0.005
5.15	0.75	0.0025
5.15	0.8	0.0033
5.15	0.85	0.0023
5.2	0	0.0022
5.2	0.05	0.002
5.25	0.05	0.002
5.3	-0.85	0.0024
5.3	-0.8	0.0025
5.3	-0.1	0.0025
5.3	-0.05	0.0063
5.3	0	0.0082
5.3	0.05	0.0063
5.3	0.1	0.0026
5.3	0.8	0.0027
5.3	0.85	0.0025
5.35	-0.9	0.0021
5.35	-0.85	0.0039
5.35	-0.8	0.0039
5.35	-0.75	0.002
5.35	-0.1	0.0043
5.35	-0.05	0.0105
5.35	0	0.013
5.35	0.05	0.0091
5.35	0.1	0.003
5.35	0.75	0.0028
5.35	0.8	0.0045
5.35	0.85	0.0039
5.4	-0.85	0.0027
5.4	-0.8	0.0026
5.4	-0.1	0.003
5.4	-0.05	0.0074
5.4	0	0.009
5.4	0.05	0.0061
5.4	0.8	0.0031
5.4	0.85	0.0027
5.55	-0.9	0.0022
5.55	-0.85	0.0041
5.55	-0.8	0.0041
5.55	-0.75	0.0021
5.55	-0.1	0.0045
5.55	-0.05	0.011
5.55	0	0.0136
5.55	0.05	0.0095
5.55	0.1	0.003
5.55	0.75	0.003
5.55	0.8	0.0047
5.55	0.85	0.0041
5.6	-0.9	0.0042
5.6	-0.85	0.0074
5.6	-0.8	0.0073
5.6	-0.75	0.0037
5.6	-0.1	0.0085
5.6	-0.05	0.0205
5.6	0	0.025
5.6	0.05	0.0168
5.6	0.1	0.0053
5.6	0.75	0.0055
5.6	0.8	0.0086
5.6	0.85	0.0074
5.6	0.9	0.0034
5.65	-0.9	0.0039
5.65	-0.85	0.0069
5.65	-0.8	0.0066
5.65	-0.75	0.0032
5.65	-0.1	0.0082
5.65	-0.05	0.0191
5.65	0	0.0228
5.65	0.05	0.0151
5.65	0.1	0.0045
5.65	0.75	0.0052
5.65	0.8	0.008
5.65	0.85	0.0067
5.65	0.9	0.003
5.7	-0.85	0.0028
5.7	-0.8	0.0026
5.7	-0.1	0.0037
5.7	-0.05	0.0082
5.7	0	0.0093
5.7	0.05	0.0059
5.7	0.75	0.0024
5.7	0.8	0.0034
5.7	0.85	0.0027
5.8	-0.85	0.0022
5.8	-0.8	0.0028
5.8	-0.05	0.0052
5.8	0	0.008
5.8	0.05	0.0069
5.8	0.1	0.0032
5.8	0.8	0.0024
5.8	0.85	0.0026
5.85	-0.9	0.0036
5.85	-0.85	0.0071
5.85	-0.8	0.0076
5.85	-0.75	0.0044
5.85	-0.1	0.007
5.85	-0.05	0.0184
5.85	0	0.0245
5.85	0.05	0.0184
5.85	0.1	0.0068
5.85	0.75	0.0046
5.85	0.8	0.0081
5.85	0.85	0.0075
5.85	0.9	0.0038
5.9	-0.9	0.0053
5.9	-0.85	0.0095
5.9	-0.8	0.0095
5.9	-0.75	0.0048
5.9	-0.25	0.0021
5.9	-0.1	0.0107
5.9	-0.05	0.0259
5.9	0	0.032
5.9	0.05	0.022
5.9	0.1	0.0069
5.9	0.25	0.0021
5.9	0.75	0.0069
5.9	0.8	0.0109
5.9	0.85	0.0095
5.9	0.9	0.0044
5.95	-0.9	0.0044
5.95	-0.85	0.0072
5.95	-0.8	0.0064
5.95	-0.75	0.0027
5.95	-0.1	0.0098
5.95	-0.05	0.0207
5.95	0	0.0233
5.95	0.05	0.0141
5.95	0.1	0.0036
5.95	0.75	0.006
5.95	0.8	0.0085
5.95	0.85	0.0066
5.95	0.9	0.0026
6	-0.9	0.0025
6	-0.85	0.0034
6	-0.8	0.0024
6	-0.1	0.0062
6	-0.05	0.0109
6	0	0.0101
6	0.05	0.0048
6	0.75	0.0035
6	0.8	0.0042
6	0.85	0.0027
6.05	-0.85	0.0029
6.05	-0.8	0.0026
6.05	-0.1	0.0046
6.05	-0.05	0.0086
6.05	0	0.0093
6.05	0.05	0.0061
6.05	0.1	0.0025
6.05	0.75	0.0027
6.05	0.8	0.0034
6.05	0.85	0.0026
6.1	-0.9	0.003
6.1	-0.85	0.0058
6.1	-0.8	0.0067
6.1	-0.75	0.0045
6.1	-0.1	0.0058
6.1	-0.05	0.015
6.1	0	0.0205
6.1	0.05	0.0167
6.1	0.1	0.0076
6.1	0.75	0.0038
6.1	0.8	0.0066
6.1	0.85	0.0065
6.1	0.9	0.0037
6.15	-0.9	0.0037
6.15	-0.85	0.0078
6.15	-0.8	0.0091
6.15	-0.75	0.0061
6.15	-0.1	0.0066
6.15	-0.05	0.019
6.15	0	0.0277
6.15	0.05	0.0231
6.15	0.1	0.0104
6.15	0.75	0.0046
6.15	0.8	0.0086
6.15	0.85	0.0087
6.15	0.9	0.0051
6.2	-0.9	0.0024
6.2	-0.85	0.0052
6.2	-0.8	0.0063
6.2	-0.75	0.0043
6.2	-0.1	0.004
6.2	-0.05	0.0125
6.2	0	0.0186
6.2	0.05	0.0159
6.2	0.1	0.0072
6.2	0.75	0.0029
6.2	0.8	0.0057
6.2	0.85	0.006
6.2	0.9	0.0035
6.25	-0.05	0.0024
6.25	0	0.0039
6.25	0.05	0.0037
6.25	0.1	0.0021
6.3	-0.05	0.0035
6.3	0	0.0044
6.3	0.05	0.0034
6.35	-0.9	0.0038
6.35	-0.85	0.0074
6.35	-0.8	0.0079
6.35	-0.75	0.0044
6.35	-0.1	0.0069
6.35	-0.05	0.0192
6.35	0	0.0256
6.35	0.05	0.0189
6.35	0.1	0.007
6.35	0.75	0.0048
6.35	0.8	0.0083
6.35	0.85	0.0077
6.35	0.9	0.0039
6.4	-0.9	0.0065
6.4	-0.85	0.0129
6.4	-0.8	0.014
6.4	-0.75	0.0079
6.4	-0.25	0.0025
6.4	-0.1	0.0118
6.4	-0.05	0.0334
6.4	0	0.0446
6.4	0.05	0.0334
6.4	0.1	0.012
6.4	0.25	0.0023
6.4	0.75	0.0082
6.4	0.8	0.0146
6.4	0.85	0.0136
6.4	0.9	0.0069
6.45	-0.9	0.0055
6.45	-0.85	0.011
6.45	-0.8	0.0119
6.45	-0.75	0.0067
6.45	-0.25	0.002
6.45	-0.1	0.0101
6.45	-0.05	0.0281
6.45	0	0.0382
6.45	0.05	0.0283
6.45	0.1	0.0104
6.45	0.75	0.007
6.45	0.8	0.0124
6.45	0.85	0.0116
6.45	0.9	0.0058
6.5	-0.85	0.0033
6.5	-0.8	0.0035
6.5	-0.75	0.0021
6.5	-0.1	0.0031
6.5	-0.05	0.0085
6.5	0	0.0115
6.5	0.05	0.0082
6.5	0.1	0.0029
6.5	0.75	0.0021
6.5	0.8	0.0038
6.5	0.85	0.0034
6.6	-0.9	0.0047
6.6	-0.85	0.0095
6.6	-0.8	0.0105
6.6	-0.75	0.0062
6.6	-0.1	0.0079
6.6	-0.05	0.0234
6.6	0	0.0327
6.6	0.05	0.0253
6.6	0.1	0.0094
6.6	0.75	0.0056
6.6	0.8	0.0106
6.6	0.85	0.0101
6.6	0.9	0.0052
6.65	-0.95	0.0022
6.65	-0.9	0.0116
6.65	-0.85	0.0235
6.65	-0.8	0.0259
6.65	-0.75	0.0151
6.65	-0.7	0.003
6.65	-0.6	0.0027
6.65	-0.4	0.0024
6.65	-0.25	0.0045
6.65	-0.2	0.0026
6.65	-0.1	0.0205
6.65	-0.05	0.0593
6.65	0	0.0825
6.65	0.05	0.0626
6.65	0.1	0.0236
6.65	0.2	0.0022
6.65	0.25	0.0045
6.65	0.4	0.0023
6.65	0.6	0.0029
6.65	0.7	0.0023
6.65	0.75	0.0144
6.65	0.8	0.0263
6.65	0.85	0.0251
6.65	0.9	0.013
6.65	0.95	0.0028
6.7	-0.95	0.0025
6.7	-0.9	0.013
6.7	-0.85	0.0265
6.7	-0.8	0.0289
6.7	-0.75	0.0168
6.7	-0.7	0.0032
6.7	-0.6	0.003
6.7	-0.55	0.0021
6.7	-0.4	0.0026
6.7	-0.25	0.005
6.7	-0.2	0.0028
6.7	-0.1	0.0229
6.7	-0.05	0.0667
6.7	0	0.0916
6.7	0.05	0.0696
6.7	0.1	0.0255
6.7	0.2	0.0024
6.7	0.25	0.0051
6.7	0.4	0.0026
6.7	0.6	0.0033
6.7	0.7	0.0028
6.7	0.75	0.0162
6.7	0.8	0.0296
6.7	0.85	0.0279
6.7	0.9	0.0145
6.7	0.95	0.003
6.75	-0.9	0.0058
6.75	-0.85	0.0117
6.75	-0.8	0.0129
6.75	-0.75	0.0074
6.75	-0.25	0.0022
6.75	-0.1	0.01
6.75	-0.05	0.03
6.75	0	0.0412
6.75	0.05	0.0305
6.75	0.1	0.0112
6.75	0.25	0.0022
6.75	0.75	0.0074
6.75	0.8	0.0132
6.75	0.85	0.0124
6.75	0.9	0.0064
6.85	-0.95	0.0028
6.85	-0.9	0.0148
6.85	-0.85	0.0299
6.85	-0.8	0.0326
6.85	-0.75	0.0189
6.85	-0.7	0.0032
6.85	-0.6	0.0035
6.85	-0.55	0.0024
6.85	-0.4	0.003
6.85	-0.25	0.0057
6.85	-0.2	0.0032
6.85	-0.1	0.0264
6.85	-0.05	0.0757
6.85	0	0.1048
6.85	0.05	0.0772
6.85	0.1	0.0279
6.85	0.2	0.0028
6.85	0.25	0.0057
6.85	0.4	0.0029
6.85	0.45	0.002
6.85	0.55	0.0024
6.85	0.6	0.0036
6.85	0.7	0.003
6.85	0.75	0.0182
6.85	0.8	0.0337
6.85	0.85	0.0313
6.85	0.9	0.0164
6.85	0.95	0.0036
6.9	-1.1	0.0025
6.9	-1.05	0.0034
6.9	-0.95	0.0121
6.9	-0.9	0.0617
6.9	-0.85	0.1264
6.9	-0.8	0.1366
6.9	-0.75	0.0792
6.9	-0.7	0.0149
6.9	-0.6	0.0146
6.9	-0.55	0.01
6.9	-0.45	0.008
6.9	-0.4	0.0124
6.9	-0.3	0.006
6.9	-0.25	0.0236
6.9	-0.2	0.0135
6.9	-0.15	0.0055
6.9	-0.1	0.1113
6.9	-0.05	0.3154
6.9	0	0.4327
6.9	0.05	0.3287
6.9	0.1	0.1201
6.9	0.15	0.0069
6.9	0.2	0.0122
6.9	0.25	0.0244
6.9	0.3	0.007
6.9	0.4	0.0125
6.9	0.45	0.0085
6.9	0.55	0.0094
6.9	0.6	0.0156
6.9	0.65	0.0022
6.9	0.7	0.0143
6.9	0.75	0.0766
6.9	0.8	0.141
6.9	0.85	0.1322
6.9	0.9	0.0664
6.9	0.95	0.0137
6.9	1.05	0.0033
6.9	1.1	0.0026
6.95	-1.1	0.0054
6.95	-1.05	0.0071
6.95	-0.95	0.0255
6.95	-0.9	0.1349
6.95	-0.85	0.2698
6.95	-0.8	0.2933
6.95	-0.75	0.1669
6.95	-0.7	0.0312
6.95	-0.65	0.0043
6.95	-0.6	0.0315
6.95	-0.55	0.0208
6.95	-0.45	0.0174
6.95	-0.4	0.0271
6.95	-0.35	0.004
6.95	-0.3	0.0135
6.95	-0.25	0.0514
6.95	-0.2	0.0278
6.95	-0.15	0.014
6.95	-0.1	0.2406
6.95	-0.05	0.6846
6.95	0	0.931
6.95	0.05	0.697
6.95	0.1	0.2549
6.95	0.15	0.0128
6.95	0.2	0.0266
6.95	0.25	0.0515
6.95	0.3	0.0141
6.95	0.35	0.0036
6.95	0.4	0.0266
6.95	0.45	0.0183
6.95	0.55	0.0208
6.95	0.6	0.0325
6.95	0.65	0.0052
6.95	0.7	0.0277
6.95	0.75	0.1664
6.95	0.8	0.2998
6.95	0.85	0.2833
6.95	0.9	0.1443
6.95	0.95	0.0296
6.95	1.05	0.0074
6.95	1.1	0.0057
6.95	1.25	0.0021
7	-2.45	0.0021
7	-1.25	0.0029
7	-1.1	0.0079
7	-1.05	0.0109
7	-0.95	0.0406
7	-0.9	0.2019
7	-0.85	0.4053
7	-0.8	0.4359
7	-0.75	0.2485
7	-0.7	0.0449
7	-0.65	0.0063
7	-0.6	0.0463
7	-0.55	0.0314
7	-0.45	0.0259
7	-0.4	0.0392
7	-0.35	0.0062
7	-0.3	0.0194
7	-0.25	0.0755
7	-0.2	0.0409
7	-0.15	0.0178
7	-0.1	0.3578
7	-0.05	1.0168
7	0	1.3833
7	0.05	1.043
7	0.1	0.3776
7	0.15	0.026
7	0.2	0.039
7	0.25	0.078
7	0.3	0.0211
7	0.35	0.0059
7	0.4	0.0403
7	0.45	0.0271
7	0.55	0.0311
7	0.6	0.0497
7	0.65	0.0076
7	0.7	0.0447
7	0.75	0.249
7	0.8	0.4499
7	0.85	0.4197
7	0.9	0.2153
7	0.95	0.0429
7	1.05	0.0109
7	1.1	0.0085
7	1.25	0.0031
7.05	-2.5	0.0022
7.05	-2.45	0.0025
7.05	-1.25	0.0033
7.05	-1.1	0.0091
7.05	-1.05	0.0121
7.05	-0.95	0.0441
7.05	-0.9	0.2308
7.05	-0.85	0.4593
7.05	-0.8	0.4978
7.05	-0.75	0.2813
7.05	-0.7	0.0527
7.05	-0.65	0.0077
7.05	-0.6	0.0543
7.05	-0.55	0.0355
7.05	-0.45	0.0293
7.05	-0.4	0.0457
7.05	-0.35	0.007
7.05	-0.3	0.0227
7.05	-0.25	0.0868
7.05	-0.2	0.0462
7.05	-0.15	0.0254
7.05	-0.1	0.4095
7.05	-0.05	1.1647
7.05	0	1.5751
7.05	0.05	1.1751
7.05	0.1	0.4248
7.05	0.15	0.0219
7.05	0.2	0.0452
7.05	0.25	0.0872
7.05	0.3	0.024
7.05	0.35	0.0063
7.05	0.4	0.0452
7.05	0.45	0.0308
7.05	0.55	0.0356
7.05	0.6	0.0547
7.05	0.65	0.0081
7.05	0.7	0.0487
7.05	0.75	0.2853
7.05	0.8	0.5093
7.05	0.85	0.4802
7.05	0.9	0.243
7.05	0.95	0.0501
7.05	1.05	0.0128
7.05	1.1	0.0096
7.05	1.25	0.0035
7.1	-2.5	0.002
7.1	-2.45	0.0022
7.1	-1.25	0.003
7.1	-1.1	0.0081
7.1	-1.05	0.011
7.1	-0.95	0.0416
7.1	-0.9	0.2059
7.1	-0.85	0.4115
7.1	-0.8	0.4421
7.1	-0.75	0.2505
7.1	-0.7	0.0441
7.1	-0.65	0.0069
7.1	-0.6	0.0476
7.1	-0.55	0.0318
7.1	-0.45	0.0265
7.1	-0.4	0.0399
7.1	-0.35	0.0061
7.1	-0.3	0.0201
7.1	-0.25	0.0768
7.1	-0.2	0.0413
7.1	-0.15	0.0184
7.1	-0.1	0.3695
7.1	-0.05	1.0374
7.1	0	1.4054
7.1	0.05	1.0509
7.1	0.1	0.3762
7.1	0.15	0.0241
7.1	0.2	0.0404
7.1	0.25	0.0789
7.1	0.3	0.0216
7.1	0.35	0.006
7.1	0.4	0.041
7.1	0.45	0.0273
7.1	0.55	0.0315
7.1	0.6	0.0498
7.1	0.65	0.0073
7.1	0.7	0.0458
7.1	0.75	0.2541
7.1	0.8	0.4572
7.1	0.85	0.4258
7.1	0.9	0.217
7.1	0.95	0.0425
7.1	1.05	0.0111
7.1	1.1	0.0086
7.1	1.25	0.0031
7.15	-1.25	0.002
7.15	-1.1	0.0056
7.15	-1.05	0.0074
7.15	-0.95	0.0279
7.15	-0.9	0.1443
7.15	-0.85	0.2839
7.15	-0.8	0.3059
7.15	-0.75	0.1708
7.15	-0.7	0.0321
7.15	-0.65	0.0046
7.15	-0.6	0.0339
7.15	-0.55	0.0215
7.15	-0.45	0.0182
7.15	-0.4	0.028
7.15	-0.35	0.0043
7.15	-0.3	0.0148
7.15	-0.25	0.0538
7.15	-0.2	0.0281
7.15	-0.15	0.0145
7.15	-0.1	0.2608
7.15	-0.05	0.7245
7.15	0	0.9708
7.15	0.05	0.7284
7.15	0.1	0.259
7.15	0.15	0.0135
7.15	0.2	0.0289
7.15	0.25	0.0537
7.15	0.3	0.0145
7.15	0.35	0.0041
7.15	0.4	0.0278
7.15	0.45	0.0187
7.15	0.55	0.0219
7.15	0.6	0.0339
7.15	0.65	0.0049
7.15	0.7	0.0312
7.15	0.75	0.1781
7.15	0.8	0.3147
7.15	0.85	0.2958
7.15	0.9	0.1482
7.15	0.95	0.0303
7.15	1.05	0.008
7.15	1.1	0.006
7.15	1.25	0.0022
7.2	-1.1	0.0028
7.2	-1.05	0.0038
7.2	-0.95	0.0151
7.2	-0.9	0.0728
7.2	-0.85	0.1439
7.2	-0.8	0.1537
7.2	-0.75	0.0858
7.2	-0.7	0.0147
7.2	-0.65	0.0024
7.2	-0.6	0.0167
7.2	-0.55	0.0112
7.2	-0.45	0.0092
7.2	-0.4	0.0138
7.2	-0.35	0.002
7.2	-0.3	0.0072
7.2	-0.25	0.0267
7.2	-0.2	0.0139
7.2	-0.15	0.0066
7.2	-0.1	0.1307
7.2	-0.05	0.3631
7.2	0	0.4908
7.2	0.05	0.3657
7.2	0.1	0.1309
7.2	0.15	0.0081
7.2	0.2	0.0144
7.2	0.25	0.0276
7.2	0.3	0.0075
7.2	0.35	0.0022
7.2	0.4	0.0145
7.2	0.45	0.0094
7.2	0.55	0.0111
7.2	0.6	0.0172
7.2	0.65	0.0025
7.2	0.7	0.0158
7.2	0.75	0.0898
7.2	0.8	0.1594
7.2	0.85	0.1478
7.2	0.9	0.0759
7.2	0.95	0.0143
7.2	1.05	0.0039
7.2	1.1	0.003
7.25	-0.95	0.0046
7.25	-0.9	0.0226
7.25	-0.85	0.0436
7.25	-0.8	0.047
7.25	-0.75	0.0258
7.25	-0.7	0.0046
7.25	-0.6	0.0053
7.25	-0.55	0.0034
7.25	-0.45	0.0028
7.25	-0.4	0.0043
7.25	-0.3	0.0022
7.25	-0.25	0.0083
7.25	-0.2	0.004
7.25	-0.15	0.0029
7.25	-0.1	0.0395
7.25	-0.05	0.1123
7.25	0	0.1504
7.25	0.05	0.1095
7.25	0.1	0.0387
7.25	0.2	0.0043
7.25	0.25	0.0084
7.25	0.3	0.0022
7.25	0.4	0.0043
7.25	0.45	0.0029
7.25	0.55	0.0035
7.25	0.6	0.0051
7.25	0.7	0.0049
7.25	0.75	0.0268
7.25	0.8	0.0484
7.25	0.85	0.0451
7.25	0.9	0.0222
7.25	0.95	0.0048
7.3	-0.85	0.0031
7.3	-0.8	0.0033
7.3	-0.1	0.0031
7.3	-0.05	0.0086
7.3	0	0.011
7.3	0.05	0.0077
7.3	0.1	0.003
7.3	0.75	0.0021
7.3	0.8	0.0034
7.3	0.85	0.0035
7.35	-0.85	0.0035
7.35	-0.8	0.0038
7.35	-0.75	0.0021
7.35	-0.1	0.0033
7.35	-0.05	0.0086
7.35	0	0.0117
7.35	0.05	0.0088
7.35	0.1	0.0033
7.35	0.75	0.0021
7.35	0.8	0.0038
7.35	0.85	0.0036
7.4	-0.9	0.0069
7.4	-0.85	0.0137
7.4	-0.8	0.0146
7.4	-0.75	0.0083
7.4	-0.25	0.0025
7.4	-0.1	0.0124
7.4	-0.05	0.0349
7.4	0	0.047
7.4	0.05	0.035
7.4	0.1	0.0127
7.4	0.25	0.0026
7.4	0.75	0.0086
7.4	0.8	0.0151
7.4	0.85	0.0142
7.4	0.9	0.0072
7.45	-0.9	0.0078
7.45	-0.85	0.0154
7.45	-0.8	0.0166
7.45	-0.75	0.0093
7.45	-0.25	0.0028
7.45	-0.1	0.0141
7.45	-0.05	0.0392
7.45	0	0.0524
7.45	0.05	0.0389
7.45	0.1	0.0137
7.45	0.25	0.0029
7.45	0.75	0.0096
7.45	0.8	0.017
7.45	0.85	0.0158
7.45	0.9	0.008
7.5	-0.9	0.0043
7.5	-0.85	0.0084
7.5	-0.8	0.0089
7.5	-0.75	0.005
7.5	-0.1	0.0075
7.5	-0.05	0.0211
7.5	0	0.0284
7.5	0.05	0.0208
7.5	0.1	0.0076
7.5	0.75	0.0052
7.5	0.8	0.0092
7.5	0.85	0.0085
7.5	0.9	0.0043
7.55	-0.05	0.0037
7.55	0	0.0051
7.55	0.05	0.0036
7.65	-0.85	0.0029
7.65	-0.8	0.003
7.65	-0.1	0.0028
7.65	-0.05	0.0075
7.65	0	0.0097
7.65	0.05	0.0071
7.65	0.1	0.0024
7.65	0.8	0.0033
7.65	0.85	0.0029
7.7	-0.9	0.0023
7.7	-0.85	0.0044
7.7	-0.8	0.0046
7.7	-0.75	0.0025
7.7	-0.1	0.0043
7.7	-0.05	0.0114
7.7	0	0.015
7.7	0.05	0.0108
7.7	0.1	0.0038
7.7	0.75	0.0029
7.7	0.8	0.0049
7.7	0.85	0.0044
7.7	0.9	0.0022
7.75	-0.85	0.0031
7.75	-0.8	0.0032
7.75	-0.1	0.003
7.75	-0.05	0.0079
7.75	0	0.0103
7.75	0.05	0.0075
7.75	0.1	0.0026
7.75	0.8	0.0034
7.75	0.85	0.0031
7.8	-0.05	0.002
7.8	0	0.0027
7.9	-0.05	0.0026
7.9	0	0.0032
7.9	0.05	0.0021
7.95	-0.1	0.002
7.95	-0.05	0.0049
7.95	0	0.006
7.95	0.05	0.0041
7.95	0.8	0.0021
8	-0.05	0.0039
8	0	0.0047
8	0.05	0.0033
-7.75	-0.05	0.0032
-7.75	0	0.0048
-7.75	0.05	0.004
-7.7	-0.85	0.0042
-7.7	-0.8	0.0048
-7.7	-0.75	0.003
-7.7	-0.1	0.0032
-7.7	-0.05	0.0101
-7.7	0	0.0148
-7.7	0.05	0.0117
-7.7	0.1	0.0047
-7.7	0.75	0.0023
-7.7	0.8	0.0045
-7.7	0.85	0.0045
-7.7	0.9	0.0025
-7.65	-0.9	0.0041
-7.65	-0.85	0.0084
-7.65	-0.8	0.0095
-7.65	-0.75	0.0057
-7.65	-0.1	0.0067
-7.65	-0.05	0.0205
-7.65	0	0.0289
-7.65	0.05	0.0227
-7.65	0.1	0.0086
-7.65	0.75	0.0048
-7.65	0.8	0.0091
-7.65	0.85	0.0088
-7.65	0.9	0.0047
-7.6	-0.9	0.0061
-7.6	-0.85	0.0124
-7.6	-0.8	0.0136
-7.6	-0.75	0.0078
-7.6	-0.25	0.0022
-7.6	-0.1	0.0106
-7.6	-0.05	0.0307
-7.6	0	0.0424
-7.6	0.05	0.0321
-7.6	0.1	0.0119
-7.6	0.25	0.0025
-7.6	0.75	0.0073
-7.6	0.8	0.0134
-7.6	0.85	0.0128
-7.6	0.9	0.0066
-7.55	-0.9	0.0071
-7.55	-0.85	0.014
-7.55	-0.8	0.015
-7.55	-0.75	0.0083
-7.55	-0.25	0.0025
-7.55	-0.1	0.0125
-7.55	-0.05	0.0353
-7.55	0	0.0473
-7.55	0.05	0.0352
-7.55	0.1	0.0123
-7.55	0.25	0.0029
-7.55	0.75	0.0086
-7.55	0.8	0.0154
-7.55	0.85	0.0142
-7.55	0.9	0.0071
-7.5	-0.9	0.0063
-7.5	-0.85	0.0122
-7.5	-0.8	0.0127
-7.5	-0.75	0.0068
-7.5	-0.25	0.0022
-7.5	-0.1	0.0116
-7.5	-0.05	0.0314
-7.5	0	0.0412
-7.5	0.05	0.0295
-7.5	0.1	0.01
-7.5	0.25	0.0025
-7.5	0.75	0.0078
-7.5	0.8	0.0134
-7.5	0.85	0.0122
-7.5	0.9	0.0059
-7.45	-0.9	0.0042
-7.45	-0.85	0.0079
-7.45	-0.8	0.0079
-7.45	-0.75	0.0041
-7.45	-0.1	0.0079
-7.45	-0.05	0.0205
-7.45	0	0.0261
-7.45	0.05	0.0182
-7.45	0.1	0.0057
-7.45	0.75	0.0052
-7.45	0.8	0.0088
-7.45	0.85	0.0076
-7.45	0.9	0.0036
-7.4	-0.85	0.0032
-7.4	-0.8	0.0031
-7.4	-0.1	0.0036
-7.4	-0.05	0.0087
-7.4	0	0.0106
-7.4	0.05	0.0071
-7.4	0.75	0.0023
-7.4	0.8	0.0036
-7.4	0.85	0.003
-7.25	-0.05	0.0033
-7.25	0	0.0042
-7.25	0.05	0.0029
-7.2	-0.85	0.0021
-7.2	-0.1	0.0024
-7.2	-0.05	0.0057
-7.2	0	0.0068
-7.2	0.05	0.0044
-7.2	0.8	0.0023
-7.15	-0.1	0.0022
-7.15	-0.05	0.0049
-7.15	0	0.0056
-7.15	0.05	0.0035
-7.1	-0.05	0.0022
-7.1	0	0.0024
-7	0	0.0021
-6.95	-0.05	0.0037
-6.95	0	0.0048
-6.95	0.05	0.0035
-6.9	-0.05	0.0044
-6.9	0	0.0053
-6.9	0.05	0.0036
-6.85	-0.05	0.002
-6.85	0	0.0025
-6.75	-0.05	0.0046
-6.75	0	0.0058
-6.75	0.05	0.004
-6.7	-0.9	0.0044
-6.7	-0.85	0.0078
-6.7	-0.8	0.0076
-6.7	-0.75	0.0037
-6.7	-0.1	0.0086
-6.7	-0.05	0.021
-6.7	0	0.0253
-6.7	0.05	0.017
-6.7	0.1	0.005
-6.7	0.75	0.0055
-6.7	0.8	0.0087
-6.7	0.85	0.0073
-6.7	0.9	0.0032
-6.65	-0.95	0.0025
-6.65	-0.9	0.01
-6.65	-0.85	0.0177
-6.65	-0.8	0.0171
-6.65	-0.75	0.0083
-6.65	-0.6	0.0021
-6.65	-0.25	0.0035
-6.65	-0.1	0.0195
-6.65	-0.05	0.0472
-6.65	0	0.0578
-6.65	0.05	0.0384
-6.65	0.1	0.0116
-6.65	0.2	0.0024
-6.65	0.25	0.0031
-6.65	0.7	0.0029
-6.65	0.75	0.0124
-6.65	0.8	0.0196
-6.65	0.85	0.0165
-6.65	0.9	0.0073
-6.6	-0.95	0.0039
-6.6	-0.9	0.0158
-6.6	-0.85	0.0282
-6.6	-0.8	0.0276
-6.6	-0.75	0.0136
-6.6	-0.6	0.0033
-6.6	-0.45	0.0022
-6.6	-0.4	0.0024
-6.6	-0.3	0.002
-6.6	-0.25	0.0054
-6.6	-0.15	0.0031
-6.6	-0.1	0.0306
-6.6	-0.05	0.0748
-6.6	0	0.091
-6.6	0.05	0.0615
-6.6	0.1	0.0182
-6.6	0.2	0.0035
-6.6	0.25	0.0048
-6.6	0.4	0.0029
-6.6	0.55	0.0026
-6.6	0.6	0.003
-6.6	0.7	0.0046
-6.6	0.75	0.0194
-6.6	0.8	0.0309
-6.6	0.85	0.0263
-6.6	0.9	0.0118
-6.55	-0.95	0.0046
-6.55	-0.9	0.0189
-6.55	-0.85	0.0343
-6.55	-0.8	0.0338
-6.55	-0.75	0.0171
-6.55	-0.7	0.0023
-6.55	-0.6	0.0038
-6.55	-0.45	0.0025
-6.55	-0.4	0.0029
-6.55	-0.3	0.0024
-6.55	-0.25	0.0063
-6.55	-0.2	0.0023
-6.55	-0.15	0.0033
-6.55	-0.1	0.0368
-6.55	-0.05	0.0902
-6.55	0	0.1119
-6.55	0.05	0.076
-6.55	0.1	0.024
-6.55	0.2	0.004
-6.55	0.25	0.0056
-6.55	0.4	0.0034
-6.55	0.55	0.0031
-6.55	0.6	0.0035
-6.55	0.7	0.0054
-6.55	0.75	0.0234
-6.55	0.8	0.0374
-6.55	0.85	0.0322
-6.55	0.9	0.0147
-6.55	0.95	0.0024
-6.5	-0.95	0.0043
-6.5	-0.9	0.018
-6.5	-0.85	0.0329
-6.5	-0.8	0.0332
-6.5	-0.75	0.0172
-6.5	-0.7	0.0027
-6.5	-0.6	0.0036
-6.5	-0.45	0.0023
-6.5	-0.4	0.0027
-6.5	-0.3	0.0021
-6.5	-0.25	0.006
-6.5	-0.2	0.0022
-6.5	-0.15	0.0034
-6.5	-0.1	0.0343
-6.5	-0.05	0.0862
-6.5	0	0.1076
-6.5	0.05	0.075
-6.5	0.1	0.024
-6.5	0.2	0.0035
-6.5	0.25	0.0053
-6.5	0.4	0.0031
-6.5	0.55	0.0028
-6.5	0.6	0.0034
-6.5	0.7	0.0051
-6.5	0.75	0.022
-6.5	0.8	0.0359
-6.5	0.85	0.0313
-6.5	0.9	0.0147
-6.5	0.95	0.0027
-6.45	-0.95	0.0031
-6.45	-0.9	0.0133
-6.45	-0.85	0.0247
-6.45	-0.8	0.0252
-6.45	-0.75	0.0136
-6.45	-0.7	0.0023
-6.45	-0.6	0.0026
-6.45	-0.4	0.002
-6.45	-0.25	0.0043
-6.45	-0.15	0.0021
-6.45	-0.1	0.0252
-6.45	-0.05	0.0641
-6.45	0	0.0821
-6.45	0.05	0.0581
-6.45	0.1	0.0199
-6.45	0.2	0.0024
-6.45	0.25	0.0039
-6.45	0.4	0.0023
-6.45	0.55	0.002
-6.45	0.6	0.0025
-6.45	0.7	0.0035
-6.45	0.75	0.0162
-6.45	0.8	0.0267
-6.45	0.85	0.0238
-6.45	0.9	0.0114
-6.45	0.95	0.0022
-6.4	-0.9	0.0073
-6.4	-0.85	0.0138
-6.4	-0.8	0.0145
-6.4	-0.75	0.008
-6.4	-0.25	0.0024
-6.4	-0.1	0.0134
-6.4	-0.05	0.0354
-6.4	0	0.0457
-6.4	0.05	0.0336
-6.4	0.1	0.0118
-6.4	0.25	0.0022
-6.4	0.75	0.0088
-6.4	0.8	0.0149
-6.4	0.85	0.0134
-6.4	0.9	0.0068
-6.35	-0.9	0.0025
-6.35	-0.85	0.0049
-6.35	-0.8	0.0053
-6.35	-0.75	0.0032
-6.35	-0.1	0.0047
-6.35	-0.05	0.0124
-6.35	0	0.0166
-6.35	0.05	0.0127
-6.35	0.1	0.0048
-6.35	0.75	0.003
-6.35	0.8	0.0052
-6.35	0.85	0.0049
-6.35	0.9	0.0026
-6.3	0	0.0023
-6.3	0.05	0.002
-6.2	-0.05	0.0027
-6.2	0	0.0034
-6.2	0.05	0.0024
-6.15	-0.05	0.0031
-6.15	0	0.004
-6.15	0.05	0.0028
-5.65	-0.9	0.0024
-5.65	-0.85	0.004
-5.65	-0.8	0.0039
-5.65	-0.1	0.0047
-5.65	-0.05	0.011
-5.65	0	0.013
-5.65	0.05	0.0084
-5.65	0.1	0.0025
-5.65	0.75	0.0029
-5.65	0.8	0.0044
-5.65	0.85	0.0037
-5.6	-0.9	0.0076
-5.6	-0.85	0.0138
-5.6	-0.8	0.0139
-5.6	-0.75	0.0072
-5.6	-0.25	0.0026
-5.6	-0.1	0.0142
-5.6	-0.05	0.0363
-5.6	0	0.0451
-5.6	0.05	0.0314
-5.6	0.1	0.0105
-5.6	0.25	0.0022
-5.6	0.7	0.002
-5.6	0.75	0.0091
-5.6	0.8	0.0148
-5.6	0.85	0.013
-5.6	0.9	0.0061
-5.55	-0.95	0.0036
-5.55	-0.9	0.0163
-5.55	-0.85	0.0305
-5.55	-0.8	0.0319
-5.55	-0.75	0.0171
-5.55	-0.7	0.0029
-5.55	-0.6	0.0032
-5.55	-0.45	0.002
-5.55	-0.4	0.0026
-5.55	-0.25	0.0057
-5.55	-0.2	0.0024
-5.55	-0.15	0.0025
-5.55	-0.1	0.0299
-5.55	-0.05	0.0777
-5.55	0	0.1
-5.55	0.05	0.0722
-5.55	0.1	0.0246
-5.55	0.2	0.0028
-5.55	0.25	0.0049
-5.55	0.4	0.0028
-5.55	0.55	0.0025
-5.55	0.6	0.0032
-5.55	0.7	0.004
-5.55	0.75	0.0193
-5.55	0.8	0.0324
-5.55	0.85	0.0293
-5.55	0.9	0.0142
-5.55	0.95	0.0028
-5.5	-0.95	0.0055
-5.5	-0.9	0.0252
-5.5	-0.85	0.049
-5.5	-0.8	0.0516
-5.5	-0.75	0.0289
-5.5	-0.7	0.0052
-5.5	-0.6	0.0049
-5.5	-0.55	0.0031
-5.5	-0.45	0.0031
-5.5	-0.4	0.0042
-5.5	-0.3	0.0027
-5.5	-0.25	0.0087
-5.5	-0.2	0.0041
-5.5	-0.15	0.0029
-5.5	-0.1	0.046
-5.5	-0.05	0.1224
-5.5	0	0.162
-5.5	0.05	0.119
-5.5	0.1	0.0421
-5.5	0.15	0.0028
-5.5	0.2	0.0041
-5.5	0.25	0.0078
-5.5	0.3	0.002
-5.5	0.4	0.0045
-5.5	0.45	0.0027
-5.5	0.55	0.0038
-5.5	0.6	0.0053
-5.5	0.7	0.006
-5.5	0.75	0.0299
-5.5	0.8	0.0515
-5.5	0.85	0.0473
-5.5	0.9	0.0237
-5.5	0.95	0.0048
-5.45	-0.95	0.0062
-5.45	-0.9	0.03
-5.45	-0.85	0.0589
-5.45	-0.8	0.0641
-5.45	-0.75	0.0364
-5.45	-0.7	0.0075
-5.45	-0.6	0.0059
-5.45	-0.55	0.0039
-5.45	-0.45	0.0036
-5.45	-0.4	0.0052
-5.45	-0.3	0.003
-5.45	-0.25	0.0106
-5.45	-0.2	0.0051
-5.45	-0.15	0.004
-5.45	-0.1	0.0533
-5.45	-0.05	0.1475
-5.45	0	0.1967
-5.45	0.05	0.1476
-5.45	0.1	0.0541
-5.45	0.15	0.0041
-5.45	0.2	0.0045
-5.45	0.25	0.0095
-5.45	0.3	0.0025
-5.45	0.4	0.0051
-5.45	0.45	0.0034
-5.45	0.55	0.0043
-5.45	0.6	0.0063
-5.45	0.7	0.0067
-5.45	0.75	0.0352
-5.45	0.8	0.0621
-5.45	0.85	0.0582
-5.45	0.9	0.0297
-5.45	0.95	0.0065
-5.4	-0.95	0.0055
-5.4	-0.9	0.0268
-5.4	-0.85	0.054
-5.4	-0.8	0.0589
-5.4	-0.75	0.0346
-5.4	-0.7	0.007
-5.4	-0.6	0.0052
-5.4	-0.55	0.0037
-5.4	-0.45	0.0031
-5.4	-0.4	0.0048
-5.4	-0.3	0.0025
-5.4	-0.25	0.0093
-5.4	-0.2	0.0049
-5.4	-0.15	0.0026
-5.4	-0.1	0.0474
-5.4	-0.05	0.1327
-5.4	0	0.1815
-5.4	0.05	0.1383
-5.4	0.1	0.0526
-5.4	0.15	0.0041
-5.4	0.2	0.0038
-5.4	0.25	0.0086
-5.4	0.3	0.0025
-5.4	0.4	0.0047
-5.4	0.45	0.0032
-5.4	0.55	0.0038
-5.4	0.6	0.0057
-5.4	0.7	0.0058
-5.4	0.75	0.0314
-5.4	0.8	0.0562
-5.4	0.85	0.0533
-5.4	0.9	0.0278
-5.4	0.95	0.0061
-5.35	-0.95	0.0034
-5.35	-0.9	0.017
-5.35	-0.85	0.0351
-5.35	-0.8	0.0394
-5.35	-0.75	0.0234
-5.35	-0.7	0.0052
-5.35	-0.6	0.0033
-5.35	-0.55	0.0024
-5.35	-0.4	0.0031
-5.35	-0.25	0.006
-5.35	-0.2	0.0032
-5.35	-0.1	0.0293
-5.35	-0.05	0.0856
-5.35	0	0.1179
-5.35	0.05	0.0918
-5.35	0.1	0.0357
-5.35	0.15	0.0033
-5.35	0.2	0.0023
-5.35	0.25	0.0056
-5.35	0.4	0.0029
-5.35	0.45	0.0021
-5.35	0.55	0.0023
-5.35	0.6	0.0037
-5.35	0.7	0.0036
-5.35	0.75	0.0201
-5.35	0.8	0.0364
-5.35	0.85	0.0351
-5.35	0.9	0.0189
-5.35	0.95	0.0044
-5.3	-0.9	0.0064
-5.3	-0.85	0.0135
-5.3	-0.8	0.0154
-5.3	-0.75	0.0098
-5.3	-0.7	0.0023
-5.3	-0.25	0.0022
-5.3	-0.1	0.0109
-5.3	-0.05	0.0324
-5.3	0	0.0462
-5.3	0.05	0.0368
-5.3	0.1	0.015
-5.3	0.25	0.0021
-5.3	0.75	0.0074
-5.3	0.8	0.0139
-5.3	0.85	0.0137
-5.3	0.9	0.0076
-5.25	-0.05	0.0028
-5.25	0	0.0042
-5.25	0.05	0.0037
-5.2	-0.05	0.0045
-5.2	0	0.0055
-5.2	0.05	0.0039
-5.15	-0.9	0.0041
-5.15	-0.85	0.0082
-5.15	-0.8	0.009
-5.15	-0.75	0.0052
-5.15	-0.1	0.0069
-5.15	-0.05	0.0203
-5.15	0	0.0275
-5.15	0.05	0.0207
-5.15	0.1	0.0077
-5.15	0.75	0.0047
-5.15	0.8	0.0085
-5.15	0.85	0.0081
-5.15	0.9	0.0042
-5.1	-0.9	0.0053
-5.1	-0.85	0.0111
-5.1	-0.8	0.0125
-5.1	-0.75	0.0076
-5.1	-0.1	0.0088
-5.1	-0.05	0.0264
-5.1	0	0.0376
-5.1	0.05	0.0294
-5.1	0.1	0.0116
-5.1	0.75	0.006
-5.1	0.8	0.0113
-5.1	0.85	0.0111
-5.1	0.9	0.006
-5.05	-0.9	0.0032
-5.05	-0.85	0.0071
-5.05	-0.8	0.0084
-5.05	-0.75	0.0053
-5.05	-0.1	0.0049
-5.05	-0.05	0.0162
-5.05	0	0.0241
-5.05	0.05	0.0198
-5.05	0.1	0.0085
-5.05	0.75	0.0036
-5.05	0.8	0.0072
-5.05	0.85	0.0073
-5.05	0.9	0.0042
-5	-0.05	0.0029
-5	0	0.0051
-5	0.05	0.0047
-5	0.1	0.0025
-4.95	-0.05	0.0021
-4.95	0	0.0025
-4.9	-0.9	0.0029
-4.9	-0.85	0.0056
-4.9	-0.8	0.0057
-4.9	-0.75	0.0031
-4.9	-0.1	0.0054
-4.9	-0.05	0.0141
-4.9	0	0.0182
-4.9	0.05	0.013
-4.9	0.1	0.0045
-4.9	0.75	0.0034
-4.9	0.8	0.0058
-4.9	0.85	0.0052
-4.9	0.9	0.0025
-4.85	-0.9	0.0049
-4.85	-0.85	0.0098
-4.85	-0.8	0.0105
-4.85	-0.75	0.006
-4.85	-0.1	0.0082
-4.85	-0.05	0.0238
-4.85	0	0.0323
-4.85	0.05	0.0243
-4.85	0.1	0.0088
-4.85	0.75	0.0056
-4.85	0.8	0.0101
-4.85	0.85	0.0094
-4.85	0.9	0.0048
-4.8	-0.9	0.0039
-4.8	-0.85	0.0082
-4.8	-0.8	0.0092
-4.8	-0.75	0.0055
-4.8	-0.1	0.0066
-4.8	-0.05	0.0196
-4.8	0	0.0276
-4.8	0.05	0.0214
-4.8	0.1	0.0082
-4.8	0.75	0.0045
-4.8	0.8	0.0083
-4.8	0.85	0.0082
-4.8	0.9	0.0043
-4.75	-0.85	0.0028
-4.75	-0.8	0.0033
-4.75	-0.75	0.0021
-4.75	-0.05	0.0064
-4.75	0	0.0096
-4.75	0.05	0.0079
-4.75	0.1	0.0034
-4.75	0.8	0.0029
-4.75	0.85	0.0029
-4.65	-0.85	0.0033
-4.65	-0.8	0.0038
-4.65	-0.75	0.0026
-4.65	-0.1	0.0033
-4.65	-0.05	0.0081
-4.65	0	0.0111
-4.65	0.05	0.0092
-4.65	0.1	0.0042
-4.65	0.8	0.0034
-4.65	0.85	0.0033
-4.6	-0.9	0.0043
-4.6	-0.85	0.0091
-4.6	-0.8	0.0109
-4.6	-0.75	0.0073
-4.6	-0.7	0.0022
-4.6	-0.1	0.0074
-4.6	-0.05	0.0213
-4.6	0	0.031
-4.6	0.05	0.0261
-4.6	0.1	0.012
-4.6	0.75	0.0048
-4.6	0.8	0.0091
-4.6	0.85	0.0094
-4.6	0.9	0.0055
-4.55	-0.9	0.0048
-4.55	-0.85	0.011
-4.55	-0.8	0.0138
-4.55	-0.75	0.0099
-4.55	-0.7	0.0032
-4.55	-0.1	0.0077
-4.55	-0.05	0.0243
-4.55	0	0.038
-4.55	0.05	0.0342
-4.55	0.1	0.0165
-4.55	0.15	0.0031
-4.55	0.75	0.0053
-4.55	0.8	0.0108
-4.55	0.85	0.0117
-4.55	0.9	0.0073
-4.55	0.95	0.0023
-4.5	-0.9	0.0027
-4.5	-0.85	0.0069
-4.5	-0.8	0.0098
-4.5	-0.75	0.008
-4.5	-0.7	0.0031
-4.5	-0.1	0.0041
-4.5	-0.05	0.0144
-4.5	0	0.0251
-4.5	0.05	0.0251
-4.5	0.1	0.014
-4.5	0.15	0.0031
-4.5	0.75	0.0028
-4.5	0.8	0.0067
-4.5	0.85	0.0082
-4.5	0.9	0.0057
-4.5	0.95	0.0021
-4.45	-0.8	0.0032
-4.45	-0.75	0.0035
-4.45	-0.7	0.002
-4.45	-0.05	0.003
-4.45	0	0.0067
-4.45	0.05	0.0092
-4.45	0.1	0.0071
-4.45	0.15	0.0026
-4.45	0.85	0.0025
-4.45	0.9	0.0023
-4.4	-0.1	0.0029
-4.4	-0.05	0.0021
-4.35	-0.9	0.0026
-4.35	-0.85	0.0029
-4.35	-0.15	0.0021
-4.35	-0.1	0.0071
-4.35	-0.05	0.0102
-4.35	0	0.0078
-4.35	0.05	0.0026
-4.35	0.75	0.0035
-4.35	0.8	0.0035
-4.3	-0.9	0.0035
-4.3	-0.85	0.0048
-4.3	-0.8	0.0036
-4.3	-0.1	0.0084
-4.3	-0.05	0.0148
-4.3	0	0.0138
-4.3	0.05	0.0069
-4.3	0.75	0.0045
-4.3	0.8	0.0054
-4.3	0.85	0.0035
-4.25	-0.9	0.0022
-4.25	-0.85	0.0032
-4.25	-0.8	0.0027
-4.25	-0.1	0.0048
-4.25	-0.05	0.0093
-4.25	0	0.0096
-4.25	0.05	0.0057
-4.25	0.1	0.0021
-4.25	0.75	0.0027
-4.25	0.8	0.0035
-4.25	0.85	0.0025
-4.2	0	0.0021
-4.2	0.05	0.0023
-4.15	-0.05	0.0025
-4.15	0	0.0042
-4.15	0.05	0.0044
-4.15	0.1	0.0029
-4.1	-0.9	0.0026
-4.1	-0.85	0.0048
-4.1	-0.8	0.0051
-4.1	-0.75	0.003
-4.1	-0.1	0.0047
-4.1	-0.05	0.012
-4.1	0	0.0155
-4.1	0.05	0.0116
-4.1	0.1	0.0046
-4.1	0.75	0.003
-4.1	0.8	0.0049
-4.1	0.85	0.0044
-4.1	0.9	0.0023
-4.05	-0.9	0.0037
-4.05	-0.85	0.0066
-4.05	-0.8	0.0066
-4.05	-0.75	0.0035
-4.05	-0.1	0.0071
-4.05	-0.05	0.017
-4.05	0	0.0212
-4.05	0.05	0.0146
-4.05	0.1	0.0049
-4.05	0.75	0.0043
-4.05	0.8	0.0068
-4.05	0.85	0.0059
-4.05	0.9	0.0028
-4	-0.9	0.0022
-4	-0.85	0.0039
-4	-0.8	0.0038
-4	-0.1	0.0042
-4	-0.05	0.0101
-4	0	0.0121
-4	0.05	0.008
-4	0.1	0.0024
-4	0.75	0.0026
-4	0.8	0.004
-4	0.85	0.0034
-3.9	-0.85	0.0021
-3.9	-0.8	0.0022
-3.9	-0.1	0.002
-3.9	-0.05	0.0052
-3.9	0	0.0069
-3.9	0.05	0.0049
-3.9	0.8	0.0022
-3.85	-0.9	0.0055
-3.85	-0.85	0.0099
-3.85	-0.8	0.0098
-3.85	-0.75	0.0051
-3.85	-0.1	0.0105
-3.85	-0.05	0.0254
-3.85	0	0.0315
-3.85	0.05	0.0215
-3.85	0.1	0.0071
-3.85	0.75	0.0063
-3.85	0.8	0.01
-3.85	0.85	0.0087
-3.85	0.9	0.004
-3.8	-0.95	0.0023
-3.8	-0.9	0.0091
-3.8	-0.85	0.016
-3.8	-0.8	0.0155
-3.8	-0.75	0.0078
-3.8	-0.25	0.0025
-3.8	-0.1	0.0173
-3.8	-0.05	0.0411
-3.8	0	0.0496
-3.8	0.05	0.0336
-3.8	0.1	0.0102
-3.8	0.25	0.0025
-3.8	0.7	0.0026
-3.8	0.75	0.0105
-3.8	0.8	0.0164
-3.8	0.85	0.0138
-3.8	0.9	0.0062
-3.75	-0.95	0.002
-3.75	-0.9	0.0077
-3.75	-0.85	0.0131
-3.75	-0.8	0.0123
-3.75	-0.75	0.0059
-3.75	-0.1	0.0154
-3.75	-0.05	0.0346
-3.75	0	0.0408
-3.75	0.05	0.0265
-3.75	0.1	0.0079
-3.75	0.25	0.002
-3.75	0.7	0.0024
-3.75	0.75	0.0091
-3.75	0.8	0.0135
-3.75	0.85	0.0112
-3.75	0.9	0.0048
-3.7	-0.9	0.0027
-3.7	-0.85	0.0043
-3.7	-0.8	0.0039
-3.7	-0.1	0.0059
-3.7	-0.05	0.0119
-3.7	0	0.0131
-3.7	0.05	0.0084
-3.7	0.1	0.0027
-3.7	0.75	0.0033
-3.7	0.8	0.0046
-3.7	0.85	0.0036
-3.65	0	0.002
-3.65	0.05	0.0033
-3.65	0.1	0.0026
-3.6	-0.9	0.0038
-3.6	-0.85	0.008
-3.6	-0.8	0.0095
-3.6	-0.75	0.0063
-3.6	-0.1	0.0059
-3.6	-0.05	0.0181
-3.6	0	0.0267
-3.6	0.05	0.0224
-3.6	0.1	0.0098
-3.6	0.75	0.0039
-3.6	0.8	0.0077
-3.6	0.85	0.0078
-3.6	0.9	0.0046
-3.55	-0.95	0.0024
-3.55	-0.9	0.0106
-3.55	-0.85	0.0202
-3.55	-0.8	0.0214
-3.55	-0.75	0.012
-3.55	-0.7	0.0024
-3.55	-0.6	0.0027
-3.55	-0.4	0.0024
-3.55	-0.25	0.004
-3.55	-0.2	0.0027
-3.55	-0.15	0.0026
-3.55	-0.1	0.0191
-3.55	-0.05	0.0494
-3.55	0	0.0648
-3.55	0.05	0.0475
-3.55	0.1	0.017
-3.55	0.2	0.0025
-3.55	0.25	0.004
-3.55	0.4	0.0023
-3.55	0.6	0.0024
-3.55	0.7	0.0027
-3.55	0.75	0.0118
-3.55	0.8	0.02
-3.55	0.85	0.0184
-3.55	0.9	0.0091
-3.5	-0.95	0.0037
-3.5	-0.9	0.0138
-3.5	-0.85	0.0245
-3.5	-0.8	0.0237
-3.5	-0.75	0.0117
-3.5	-0.6	0.0034
-3.5	-0.45	0.0023
-3.5	-0.4	0.0026
-3.5	-0.25	0.0049
-3.5	-0.2	0.0027
-3.5	-0.15	0.0039
-3.5	-0.1	0.0267
-3.5	-0.05	0.0624
-3.5	0	0.0754
-3.5	0.05	0.0509
-3.5	0.1	0.0154
-3.5	0.2	0.0037
-3.5	0.25	0.0049
-3.5	0.4	0.0029
-3.5	0.55	0.0022
-3.5	0.6	0.0028
-3.5	0.7	0.0043
-3.5	0.75	0.0159
-3.5	0.8	0.0249
-3.5	0.85	0.0208
-3.5	0.9	0.0094
-3.45	-0.95	0.0034
-3.45	-0.9	0.0109
-3.45	-0.85	0.0168
-3.45	-0.8	0.0143
-3.45	-0.75	0.0057
-3.45	-0.6	0.0025
-3.45	-0.25	0.0035
-3.45	-0.15	0.0045
-3.45	-0.1	0.0234
-3.45	-0.05	0.0472
-3.45	0	0.0504
-3.45	0.05	0.0291
-3.45	0.1	0.0067
-3.45	0.2	0.0034
-3.45	0.25	0.0032
-3.45	0.4	0.0021
-3.45	0.7	0.0042
-3.45	0.75	0.0128
-3.45	0.8	0.0175
-3.45	0.85	0.0132
-3.45	0.9	0.0049
-3.4	-0.95	0.0025
-3.4	-0.9	0.0064
-3.4	-0.85	0.0084
-3.4	-0.8	0.0059
-3.4	-0.15	0.0037
-3.4	-0.1	0.0154
-3.4	-0.05	0.0259
-3.4	0	0.0233
-3.4	0.05	0.011
-3.4	0.2	0.002
-3.4	0.7	0.0033
-3.4	0.75	0.0079
-3.4	0.8	0.009
-3.4	0.85	0.0058
-3.35	-0.95	0.0021
-3.35	-0.9	0.0065
-3.35	-0.85	0.0107
-3.35	-0.8	0.0109
-3.35	-0.75	0.0067
-3.35	-0.7	0.0024
-3.35	-0.15	0.0028
-3.35	-0.1	0.0137
-3.35	-0.05	0.0283
-3.35	0	0.0332
-3.35	0.05	0.0243
-3.35	0.1	0.0108
-3.35	0.15	0.0025
-3.35	0.7	0.0026
-3.35	0.75	0.0076
-3.35	0.8	0.0107
-3.35	0.85	0.0092
-3.35	0.9	0.0047
-3.3	-0.95	0.0024
-3.3	-0.9	0.0107
-3.3	-0.85	0.0214
-3.3	-0.8	0.0245
-3.3	-0.75	0.0163
-3.3	-0.7	0.0049
-3.3	-0.25	0.0025
-3.3	-0.1	0.0185
-3.3	-0.05	0.0496
-3.3	0	0.0692
-3.3	0.05	0.0568
-3.3	0.1	0.0256
-3.3	0.15	0.0043
-3.3	0.25	0.0021
-3.3	0.7	0.0026
-3.3	0.75	0.0116
-3.3	0.8	0.0205
-3.3	0.85	0.0201
-3.3	0.9	0.0115
-3.3	0.95	0.0033
-3.25	-0.95	0.0022
-3.25	-0.9	0.0117
-3.25	-0.85	0.0246
-3.25	-0.8	0.0292
-3.25	-0.75	0.0193
-3.25	-0.7	0.0055
-3.25	-0.25	0.0031
-3.25	-0.1	0.0193
-3.25	-0.05	0.0569
-3.25	0	0.0817
-3.25	0.05	0.0674
-3.25	0.1	0.03
-3.25	0.15	0.0041
-3.25	0.25	0.003
-3.25	0.7	0.0022
-3.25	0.75	0.0126
-3.25	0.8	0.0236
-3.25	0.85	0.024
-3.25	0.9	0.0138
-3.25	0.95	0.0039
-3.2	-0.9	0.0064
-3.2	-0.85	0.0137
-3.2	-0.8	0.0166
-3.2	-0.75	0.0114
-3.2	-0.7	0.0032
-3.2	-0.1	0.0098
-3.2	-0.05	0.0309
-3.2	0	0.0462
-3.2	0.05	0.0392
-3.2	0.1	0.0178
-3.2	0.15	0.0027
-3.2	0.75	0.0066
-3.2	0.8	0.0131
-3.2	0.85	0.0135
-3.2	0.9	0.008
-3.2	0.95	0.0022
-3.15	-0.8	0.0022
-3.15	-0.05	0.0032
-3.15	0	0.0057
-3.15	0.05	0.0057
-3.15	0.1	0.0032
-3.1	-0.9	0.0045
-3.1	-0.85	0.0085
-3.1	-0.8	0.0089
-3.1	-0.75	0.0051
-3.1	-0.1	0.0077
-3.1	-0.05	0.0199
-3.1	0	0.0265
-3.1	0.05	0.0192
-3.1	0.1	0.0067
-3.1	0.75	0.0047
-3.1	0.8	0.008
-3.1	0.85	0.0073
-3.1	0.9	0.0036
-3.05	-0.95	0.0036
-3.05	-0.9	0.0177
-3.05	-0.85	0.0345
-3.05	-0.8	0.037
-3.05	-0.75	0.0208
-3.05	-0.7	0.004
-3.05	-0.6	0.0037
-3.05	-0.55	0.0022
-3.05	-0.45	0.0024
-3.05	-0.4	0.0034
-3.05	-0.25	0.0062
-3.05	-0.2	0.0031
-3.05	-0.15	0.0021
-3.05	-0.1	0.0297
-3.05	-0.05	0.0819
-3.05	0	0.1084
-3.05	0.05	0.0801
-3.05	0.1	0.0288
-3.05	0.2	0.0031
-3.05	0.25	0.0054
-3.05	0.4	0.0033
-3.05	0.45	0.0021
-3.05	0.55	0.0024
-3.05	0.6	0.0035
-3.05	0.7	0.0035
-3.05	0.75	0.0188
-3.05	0.8	0.033
-3.05	0.85	0.0306
-3.05	0.9	0.015
-3.05	0.95	0.0031
-3	-0.95	0.0055
-3	-0.9	0.0266
-3	-0.85	0.0523
-3	-0.8	0.0557
-3	-0.75	0.0316
-3	-0.7	0.0058
-3	-0.6	0.0055
-3	-0.55	0.0036
-3	-0.45	0.0035
-3	-0.4	0.005
-3	-0.3	0.0025
-3	-0.25	0.009
-3	-0.2	0.0046
-3	-0.15	0.0024
-3	-0.1	0.0455
-3	-0.05	0.1241
-3	0	0.1664
-3	0.05	0.123
-3	0.1	0.0447
-3	0.15	0.0034
-3	0.2	0.0045
-3	0.25	0.0083
-3	0.3	0.0021
-3	0.4	0.0049
-3	0.45	0.0031
-3	0.55	0.0035
-3	0.6	0.0052
-3	0.7	0.0054
-3	0.75	0.0285
-3	0.8	0.05
-3	0.85	0.0462
-3	0.9	0.0235
-3	0.95	0.0047
-2.95	-0.95	0.004
-2.95	-0.9	0.0195
-2.95	-0.85	0.0381
-2.95	-0.8	0.0409
-2.95	-0.75	0.0229
-2.95	-0.7	0.0043
-2.95	-0.6	0.0041
-2.95	-0.55	0.0025
-2.95	-0.45	0.0026
-2.95	-0.4	0.0037
-2.95	-0.25	0.0065
-2.95	-0.2	0.0032
-2.95	-0.15	0.0025
-2.95	-0.1	0.0331
-2.95	-0.05	0.092
-2.95	0	0.1216
-2.95	0.05	0.0893
-2.95	0.1	0.0318
-2.95	0.15	0.0022
-2.95	0.2	0.0034
-2.95	0.25	0.0061
-2.95	0.4	0.0035
-2.95	0.45	0.0023
-2.95	0.55	0.0025
-2.95	0.6	0.0036
-2.95	0.7	0.004
-2.95	0.75	0.0209
-2.95	0.8	0.0363
-2.95	0.85	0.0336
-2.95	0.9	0.0169
-2.95	0.95	0.0036
-2.9	-0.9	0.004
-2.9	-0.85	0.0074
-2.9	-0.8	0.0076
-2.9	-0.75	0.0043
-2.9	-0.1	0.0063
-2.9	-0.05	0.0173
-2.9	0	0.0232
-2.9	0.05	0.0163
-2.9	0.1	0.0056
-2.9	0.75	0.0042
-2.9	0.8	0.007
-2.9	0.85	0.0061
-2.9	0.9	0.003
-2.85	-0.9	0.0028
-2.85	-0.85	0.0064
-2.85	-0.8	0.0075
-2.85	-0.75	0.0047
-2.85	-0.1	0.0043
-2.85	-0.05	0.0141
-2.85	0	0.0208
-2.85	0.05	0.0171
-2.85	0.1	0.0068
-2.85	0.75	0.0029
-2.85	0.8	0.0062
-2.85	0.85	0.0059
-2.85	0.9	0.0033
-2.8	-0.95	0.0056
-2.8	-0.9	0.0294
-2.8	-0.85	0.0605
-2.8	-0.8	0.0666
-2.8	-0.75	0.0394
-2.8	-0.7	0.0076
-2.8	-0.6	0.0066
-2.8	-0.55	0.0047
-2.8	-0.45	0.0035
-2.8	-0.4	0.0057
-2.8	-0.3	0.0026
-2.8	-0.25	0.0105
-2.8	-0.2	0.0062
-2.8	-0.1	0.0479
-2.8	-0.05	0.1395
-2.8	0	0.1913
-2.8	0.05	0.1448
-2.8	0.1	0.0543
-2.8	0.15	0.0036
-2.8	0.2	0.0045
-2.8	0.25	0.01
-2.8	0.3	0.003
-2.8	0.4	0.0051
-2.8	0.45	0.0036
-2.8	0.55	0.0038
-2.8	0.6	0.0063
-2.8	0.7	0.0054
-2.8	0.75	0.0305
-2.8	0.8	0.0564
-2.8	0.85	0.0533
-2.8	0.9	0.0275
-2.8	0.95	0.006
-2.75	-1.1	0.0025
-2.75	-1.05	0.0033
-2.75	-0.95	0.0121
-2.75	-0.9	0.0618
-2.75	-0.85	0.1249
-2.75	-0.8	0.1365
-2.75	-0.75	0.0785
-2.75	-0.7	0.0157
-2.75	-0.6	0.0137
-2.75	-0.55	0.0093
-2.75	-0.45	0.0074
-2.75	-0.4	0.0117
-2.75	-0.3	0.0054
-2.75	-0.25	0.0219
-2.75	-0.2	0.012
-2.75	-0.15	0.006
-2.75	-0.1	0.1008
-2.75	-0.05	0.2896
-2.75	0	0.3926
-2.75	0.05	0.2984
-2.75	0.1	0.1088
-2.75	0.15	0.0073
-2.75	0.2	0.0099
-2.75	0.25	0.0207
-2.75	0.3	0.0059
-2.75	0.4	0.0103
-2.75	0.45	0.0074
-2.75	0.55	0.0078
-2.75	0.6	0.0126
-2.75	0.7	0.011
-2.75	0.75	0.0638
-2.75	0.8	0.1156
-2.75	0.85	0.1095
-2.75	0.9	0.0565
-2.75	0.95	0.0119
-2.75	1.05	0.0026
-2.75	1.1	0.0021
-2.7	-1.1	0.0024
-2.7	-1.05	0.0032
-2.7	-0.95	0.0119
-2.7	-0.9	0.0608
-2.7	-0.85	0.122
-2.7	-0.8	0.1309
-2.7	-0.75	0.0749
-2.7	-0.7	0.0141
-2.7	-0.6	0.0131
-2.7	-0.55	0.0091
-2.7	-0.45	0.007
-2.7	-0.4	0.0113
-2.7	-0.3	0.0053
-2.7	-0.25	0.0205
-2.7	-0.2	0.0113
-2.7	-0.15	0.005
-2.7	-0.1	0.1001
-2.7	-0.05	0.2809
-2.7	0	0.3827
-2.7	0.05	0.2877
-2.7	0.1	0.1058
-2.7	0.15	0.0069
-2.7	0.2	0.0098
-2.7	0.25	0.02
-2.7	0.3	0.0059
-2.7	0.4	0.0102
-2.7	0.45	0.007
-2.7	0.55	0.0075
-2.7	0.6	0.0119
-2.7	0.7	0.0109
-2.7	0.75	0.0612
-2.7	0.8	0.1103
-2.7	0.85	0.1038
-2.7	0.9	0.0529
-2.7	0.95	0.0111
-2.7	1.05	0.0025
-2.7	1.1	0.002
-2.65	-0.95	0.0036
-2.65	-0.9	0.0192
-2.65	-0.85	0.0387
-2.65	-0.8	0.0419
-2.65	-0.75	0.0234
-2.65	-0.7	0.0045
-2.65	-0.6	0.0043
-2.65	-0.55	0.0028
-2.65	-0.45	0.0023
-2.65	-0.4	0.0036
-2.65	-0.25	0.0064
-2.65	-0.2	0.0035
-2.65	-0.1	0.0309
-2.65	-0.05	0.0893
-2.65	0	0.1181
-2.65	0.05	0.0889
-2.65	0.1	0.0318
-2.65	0.15	0.002
-2.65	0.2	0.0032
-2.65	0.25	0.0064
-2.65	0.4	0.0032
-2.65	0.45	0.0023
-2.65	0.55	0.0023
-2.65	0.6	0.0036
-2.65	0.7	0.0038
-2.65	0.75	0.0194
-2.65	0.8	0.0348
-2.65	0.85	0.0327
-2.65	0.9	0.0162
-2.65	0.95	0.0035
-2.6	-0.9	0.0057
-2.6	-0.85	0.0145
-2.6	-0.8	0.015
-2.6	-0.75	0.0076
-2.6	-0.25	0.0022
-2.6	-0.1	0.008
-2.6	-0.05	0.0309
-2.6	0	0.0354
-2.6	0.05	0.0299
-2.6	0.1	0.0126
-2.6	0.25	0.002
-2.6	0.75	0.0055
-2.6	0.8	0.0107
-2.6	0.85	0.0109
-2.6	0.9	0.0054
-2.55	-1.25	0.0021
-2.55	-1.1	0.0056
-2.55	-1.05	0.0075
-2.55	-0.95	0.0268
-2.55	-0.9	0.1328
-2.55	-0.85	0.2681
-2.55	-0.8	0.2921
-2.55	-0.75	0.1646
-2.55	-0.7	0.0286
-2.55	-0.65	0.0033
-2.55	-0.6	0.0298
-2.55	-0.55	0.0202
-2.55	-0.45	0.0164
-2.55	-0.4	0.025
-2.55	-0.35	0.0044
-2.55	-0.3	0.0117
-2.55	-0.25	0.0485
-2.55	-0.2	0.0251
-2.55	-0.15	0.0145
-2.55	-0.1	0.2121
-2.55	-0.05	0.6217
-2.55	0	0.8237
-2.55	0.05	0.617
-2.55	0.1	0.2252
-2.55	0.15	0.0148
-2.55	0.2	0.0212
-2.55	0.25	0.0444
-2.55	0.3	0.0122
-2.55	0.35	0.0034
-2.55	0.4	0.0221
-2.55	0.45	0.0156
-2.55	0.55	0.0174
-2.55	0.6	0.027
-2.55	0.65	0.004
-2.55	0.7	0.0238
-2.55	0.75	0.1336
-2.55	0.8	0.2443
-2.55	0.85	0.2277
-2.55	0.9	0.1141
-2.55	0.95	0.0246
-2.55	1.05	0.0057
-2.55	1.1	0.0042
-2.5	-2.55	0.0022
-2.5	-2.5	0.0049
-2.5	-2.45	0.0053
-2.5	-2.4	0.0027
-2.5	-1.6	0.0021
-2.5	-1.4	0.0032
-2.5	-1.25	0.0074
-2.5	-1.2	0.0041
-2.5	-1.1	0.0194
-2.5	-1.05	0.026
-2.5	-0.95	0.0946
-2.5	-0.9	0.4786
-2.5	-0.85	0.944
-2.5	-0.8	1.0145
-2.5	-0.75	0.5762
-2.5	-0.7	0.1028
-2.5	-0.65	0.015
-2.5	-0.6	0.1034
-2.5	-0.55	0.07
-2.5	-0.5	0.0027
-2.5	-0.45	0.0558
-2.5	-0.4	0.0873
-2.5	-0.35	0.0135
-2.5	-0.3	0.0423
-2.5	-0.25	0.1623
-2.5	-0.2	0.089
-2.5	-0.15	0.0407
-2.5	-0.1	0.7568
-2.5	-0.05	2.1481
-2.5	0	2.9173
-2.5	0.05	2.1718
-2.5	0.1	0.7721
-2.5	0.15	0.0435
-2.5	0.2	0.0766
-2.5	0.25	0.1519
-2.5	0.3	0.0431
-2.5	0.35	0.0098
-2.5	0.4	0.0768
-2.5	0.45	0.0529
-2.5	0.55	0.0586
-2.5	0.6	0.0915
-2.5	0.65	0.0139
-2.5	0.7	0.0808
-2.5	0.75	0.461
-2.5	0.8	0.8265
-2.5	0.85	0.7771
-2.5	0.9	0.3953
-2.5	0.95	0.084
-2.5	1.05	0.0194
-2.5	1.1	0.0152
-2.5	1.2	0.003
-2.5	1.25	0.0055
-2.5	1.4	0.0023
-2.5	2.45	0.0034
-2.5	2.5	0.0031
-2.45	-2.55	0.0041
-2.45	-2.5	0.0088
-2.45	-2.45	0.01
-2.45	-2.4	0.0054
-2.45	-1.6	0.0043
-2.45	-1.55	0.0035
-2.45	-1.45	0.0035
-2.45	-1.4	0.0066
-2.45	-1.3	0.0033
-2.45	-1.25	0.0144
-2.45	-1.2	0.0084
-2.45	-1.15	0.0024
-2.45	-1.1	0.038
-2.45	-1.05	0.0519
-2.45	-0.95	0.1947
-2.45	-0.9	0.9665
-2.45	-0.85	1.9344
-2.45	-0.8	2.0778
-2.45	-0.75	1.1744
-2.45	-0.7	0.2215
-2.45	-0.65	0.0241
-2.45	-0.6	0.2107
-2.45	-0.55	0.1381
-2.45	-0.5	0.0033
-2.45	-0.45	0.1139
-2.45	-0.4	0.1716
-2.45	-0.35	0.0298
-2.45	-0.3	0.0826
-2.45	-0.25	0.3244
-2.45	-0.2	0.1737
-2.45	-0.15	0.0888
-2.45	-0.1	1.4951
-2.45	-0.05	4.2884
-2.45	0	5.7685
-2.45	0.05	4.327
-2.45	0.1	1.5339
-2.45	0.15	0.1074
-2.45	0.2	0.1599
-2.45	0.25	0.3136
-2.45	0.3	0.0842
-2.45	0.35	0.0236
-2.45	0.4	0.1547
-2.45	0.45	0.1063
-2.45	0.5	0.0036
-2.45	0.55	0.1159
-2.45	0.6	0.1837
-2.45	0.65	0.0243
-2.45	0.7	0.1671
-2.45	0.75	0.9269
-2.45	0.8	1.6486
-2.45	0.85	1.5336
-2.45	0.9	0.7818
-2.45	0.95	0.1564
-2.45	1.05	0.0386
-2.45	1.1	0.03
-2.45	1.2	0.006
-2.45	1.25	0.0107
-2.45	1.3	0.0025
-2.45	1.4	0.0046
-2.45	1.45	0.0025
-2.45	1.55	0.0023
-2.45	1.6	0.0029
-2.45	2.4	0.0034
-2.45	2.45	0.0067
-2.45	2.5	0.0062
-2.45	2.55	0.003
-2.45	3.3	0.0026
-2.45	3.35	0.0026
-2.4	-2.55	0.0058
-2.4	-2.5	0.0126
-2.4	-2.45	0.0141
-2.4	-2.4	0.0075
-2.4	-2.25	0.0025
-2.4	-1.6	0.0064
-2.4	-1.55	0.0051
-2.4	-1.45	0.0052
-2.4	-1.4	0.0097
-2.4	-1.35	0.0021
-2.4	-1.3	0.0046
-2.4	-1.25	0.0212
-2.4	-1.2	0.0119
-2.4	-1.15	0.0034
-2.4	-1.1	0.0554
-2.4	-1.05	0.0734
-2.4	-1	0.0055
-2.4	-0.95	0.2728
-2.4	-0.9	1.3859
-2.4	-0.85	2.7612
-2.4	-0.8	2.9708
-2.4	-0.75	1.6798
-2.4	-0.7	0.308
-2.4	-0.65	0.0453
-2.4	-0.6	0.3107
-2.4	-0.55	0.206
-2.4	-0.5	0.0062
-2.4	-0.45	0.1659
-2.4	-0.4	0.2539
-2.4	-0.35	0.0377
-2.4	-0.3	0.1251
-2.4	-0.25	0.4635
-2.4	-0.2	0.2482
-2.4	-0.15	0.124
-2.4	-0.1	2.1795
-2.4	-0.05	6.081
-2.4	0	8.2236
-2.4	0.05	6.0916
-2.4	0.1	2.1898
-2.4	0.15	0.1198
-2.4	0.2	0.229
-2.4	0.25	0.4421
-2.4	0.3	0.1215
-2.4	0.35	0.0285
-2.4	0.4	0.2245
-2.4	0.45	0.1516
-2.4	0.5	0.0045
-2.4	0.55	0.1714
-2.4	0.6	0.2623
-2.4	0.65	0.0408
-2.4	0.7	0.2306
-2.4	0.75	1.3324
-2.4	0.8	2.3592
-2.4	0.85	2.1944
-2.4	0.9	1.1034
-2.4	0.95	0.227
-2.4	1	0.0043
-2.4	1.05	0.0557
-2.4	1.1	0.0425
-2.4	1.15	0.0032
-2.4	1.2	0.0083
-2.4	1.25	0.0154
-2.4	1.3	0.0036
-2.4	1.4	0.0066
-2.4	1.45	0.0036
-2.4	1.55	0.0032
-2.4	1.6	0.0042
-2.4	2.4	0.0048
-2.4	2.45	0.0094
-2.4	2.5	0.0087
-2.4	2.55	0.0042
-2.4	3.25	0.002
-2.4	3.3	0.0037
-2.4	3.35	0.0036
-2.35	-2.55	0.0071
-2.35	-2.5	0.0143
-2.35	-2.45	0.0153
-2.35	-2.4	0.0079
-2.35	-2.25	0.0027
-2.35	-1.9	0.002
-2.35	-1.6	0.0072
-2.35	-1.55	0.0057
-2.35	-1.45	0.0059
-2.35	-1.4	0.0113
-2.35	-1.35	0.0022
-2.35	-1.3	0.0056
-2.35	-1.25	0.0241
-2.35	-1.2	0.0138
-2.35	-1.15	0.0044
-2.35	-1.1	0.0629
-2.35	-1.05	0.0838
-2.35	-1	0.0024
-2.35	-0.95	0.3151
-2.35	-0.9	1.5342
-2.35	-0.85	3.0498
-2.35	-0.8	3.2527
-2.35	-0.75	1.8288
-2.35	-0.7	0.3348
-2.35	-0.65	0.0423
-2.35	-0.6	0.3434
-2.35	-0.55	0.2273
-2.35	-0.5	0.005
-2.35	-0.45	0.1875
-2.35	-0.4	0.2814
-2.35	-0.35	0.0444
-2.35	-0.3	0.1358
-2.35	-0.25	0.5254
-2.35	-0.2	0.2758
-2.35	-0.15	0.1389
-2.35	-0.1	2.4068
-2.35	-0.05	6.7732
-2.35	0	9.0363
-2.35	0.05	6.7294
-2.35	0.1	2.3771
-2.35	0.15	0.1453
-2.35	0.2	0.2504
-2.35	0.25	0.4951
-2.35	0.3	0.1325
-2.35	0.35	0.0362
-2.35	0.4	0.2469
-2.35	0.45	0.1666
-2.35	0.5	0.008
-2.35	0.55	0.1883
-2.35	0.6	0.2954
-2.35	0.65	0.0401
-2.35	0.7	0.275
-2.35	0.75	1.4832
-2.35	0.8	2.655
-2.35	0.85	2.4462
-2.35	0.9	1.2283
-2.35	0.95	0.248
-2.35	1	0.0023
-2.35	1.05	0.0611
-2.35	1.1	0.047
-2.35	1.15	0.0028
-2.35	1.2	0.0093
-2.35	1.25	0.0165
-2.35	1.3	0.004
-2.35	1.4	0.0072
-2.35	1.45	0.0039
-2.35	1.55	0.0036
-2.35	1.6	0.0045
-2.35	2.4	0.0053
-2.35	2.45	0.0105
-2.35	2.5	0.0096
-2.35	2.55	0.0046
-2.35	3.25	0.0022
-2.35	3.3	0.004
-2.35	3.35	0.0039
-2.3	-2.55	0.0039
-2.3	-2.5	0.0125
-2.3	-2.45	0.0173
-2.3	-2.4	0.0096
-2.3	-2.25	0.0024
-2.3	-1.6	0.0063
-2.3	-1.55	0.005
-2.3	-1.45	0.0052
-2.3	-1.4	0.0096
-2.3	-1.35	0.002
-2.3	-1.3	0.0048
-2.3	-1.25	0.0217
-2.3	-1.2	0.0121
-2.3	-1.15	0.0035
-2.3	-1.1	0.0577
-2.3	-1.05	0.0751
-2.3	-1	0.0066
-2.3	-0.95	0.2754
-2.3	-0.9	1.372
-2.3	-0.85	2.6899
-2.3	-0.8	2.862
-2.3	-0.75	1.5906
-2.3	-0.7	0.2867
-2.3	-0.65	0.046
-2.3	-0.6	0.2989
-2.3	-0.55	0.1955
-2.3	-0.5	0.007
-2.3	-0.45	0.1604
-2.3	-0.4	0.2455
-2.3	-0.35	0.0359
-2.3	-0.3	0.123
-2.3	-0.25	0.4601
-2.3	-0.2	0.2425
-2.3	-0.15	0.1252
-2.3	-0.1	2.1589
-2.3	-0.05	5.9707
-2.3	0	8.0043
-2.3	0.05	5.8816
-2.3	0.1	2.0886
-2.3	0.15	0.1038
-2.3	0.2	0.2242
-2.3	0.25	0.4222
-2.3	0.3	0.115
-2.3	0.35	0.0283
-2.3	0.4	0.2117
-2.3	0.45	0.1425
-2.3	0.5	0.0028
-2.3	0.55	0.1637
-2.3	0.6	0.2488
-2.3	0.65	0.0385
-2.3	0.7	0.2197
-2.3	0.75	1.2794
-2.3	0.8	2.2667
-2.3	0.85	2.1109
-2.3	0.9	1.0587
-2.3	0.95	0.2156
-2.3	1	0.0035
-2.3	1.05	0.0546
-2.3	1.1	0.0412
-2.3	1.15	0.003
-2.3	1.2	0.008
-2.3	1.25	0.0148
-2.3	1.3	0.0034
-2.3	1.4	0.0063
-2.3	1.45	0.0033
-2.3	1.55	0.003
-2.3	1.6	0.0039
-2.3	2.4	0.0046
-2.3	2.45	0.009
-2.3	2.5	0.0083
-2.3	2.55	0.0039
-2.3	3.3	0.0034
-2.3	3.35	0.0033
-2.25	-2.55	0.0025
-2.25	-2.5	0.0115
-2.25	-2.45	0.0079
-2.25	-1.6	0.0044
-2.25	-1.55	0.0034
-2.25	-1.45	0.0035
-2.25	-1.4	0.0067
-2.25	-1.3	0.0034
-2.25	-1.25	0.0145
-2.25	-1.2	0.0081
-2.25	-1.15	0.0024
-2.25	-1.1	0.0389
-2.25	-1.05	0.0521
-2.25	-0.95	0.1986
-2.25	-0.9	0.9541
-2.25	-0.85	1.8846
-2.25	-0.8	1.9797
-2.25	-0.75	1.1011
-2.25	-0.7	0.1938
-2.25	-0.65	0.0281
-2.25	-0.6	0.2023
-2.25	-0.55	0.1315
-2.25	-0.5	0.0022
-2.25	-0.45	0.1084
-2.25	-0.4	0.1589
-2.25	-0.35	0.0249
-2.25	-0.3	0.0794
-2.25	-0.25	0.3039
-2.25	-0.2	0.1612
-2.25	-0.15	0.0748
-2.25	-0.1	1.4209
-2.25	-0.05	3.9854
-2.25	0	5.318
-2.25	0.05	3.9546
-2.25	0.1	1.3795
-2.25	0.15	0.0877
-2.25	0.2	0.1505
-2.25	0.25	0.2916
-2.25	0.3	0.0779
-2.25	0.35	0.0227
-2.25	0.4	0.1429
-2.25	0.45	0.094
-2.25	0.5	0.0032
-2.25	0.55	0.1077
-2.25	0.6	0.1685
-2.25	0.65	0.0226
-2.25	0.7	0.1567
-2.25	0.75	0.8353
-2.25	0.8	1.4961
-2.25	0.85	1.3744
-2.25	0.9	0.6912
-2.25	0.95	0.137
-2.25	1.05	0.0357
-2.25	1.1	0.0273
-2.25	1.2	0.0055
-2.25	1.25	0.0097
-2.25	1.3	0.0023
-2.25	1.4	0.0042
-2.25	1.45	0.0023
-2.25	1.55	0.0021
-2.25	1.6	0.0026
-2.25	2.4	0.003
-2.25	2.45	0.0059
-2.25	2.5	0.0054
-2.25	2.55	0.0026
-2.25	3.3	0.0022
-2.25	3.35	0.0022
-2.2	-2.55	0.0026
-2.2	-2.5	0.0087
-2.2	-2.45	0.0037
-2.2	-1.4	0.0033
-2.2	-1.25	0.007
-2.2	-1.2	0.004
-2.2	-1.1	0.0186
-2.2	-1.05	0.0238
-2.2	-0.95	0.0914
-2.2	-0.9	0.4567
-2.2	-0.85	0.9001
-2.2	-0.8	0.9577
-2.2	-0.75	0.5315
-2.2	-0.7	0.0917
-2.2	-0.65	0.0139
-2.2	-0.6	0.1011
-2.2	-0.55	0.0636
-2.2	-0.5	0.0027
-2.2	-0.45	0.053
-2.2	-0.4	0.0784
-2.2	-0.35	0.0114
-2.2	-0.3	0.0416
-2.2	-0.25	0.1436
-2.2	-0.2	0.075
-2.2	-0.15	0.038
-2.2	-0.1	0.6473
-2.2	-0.05	1.8596
-2.2	0	2.4717
-2.2	0.05	1.8048
-2.2	0.1	0.6567
-2.2	0.15	0.0289
-2.2	0.2	0.0738
-2.2	0.25	0.1332
-2.2	0.3	0.0353
-2.2	0.35	0.0096
-2.2	0.4	0.0677
-2.2	0.45	0.044
-2.2	0.55	0.0524
-2.2	0.6	0.0794
-2.2	0.65	0.012
-2.2	0.7	0.0686
-2.2	0.75	0.3969
-2.2	0.8	0.6951
-2.2	0.85	0.6459
-2.2	0.9	0.3194
-2.2	0.95	0.0633
-2.2	1.05	0.017
-2.2	1.1	0.0125
-2.2	1.2	0.0026
-2.2	1.25	0.0046
-2.2	2.45	0.0027
-2.2	2.5	0.0025
-2.15	-1.1	0.0049
-2.15	-1.05	0.0065
-2.15	-0.95	0.0237
-2.15	-0.9	0.118
-2.15	-0.85	0.2321
-2.15	-0.8	0.243
-2.15	-0.75	0.1382
-2.15	-0.7	0.0229
-2.15	-0.65	0.0038
-2.15	-0.6	0.0262
-2.15	-0.55	0.0176
-2.15	-0.45	0.0145
-2.15	-0.4	0.0206
-2.15	-0.35	0.003
-2.15	-0.3	0.0106
-2.15	-0.25	0.0383
-2.15	-0.2	0.0198
-2.15	-0.15	0.0103
-2.15	-0.1	0.1697
-2.15	-0.05	0.471
-2.15	0	0.6362
-2.15	0.05	0.4639
-2.15	0.1	0.1599
-2.15	0.15	0.0099
-2.15	0.2	0.0178
-2.15	0.25	0.0348
-2.15	0.3	0.0089
-2.15	0.35	0.0028
-2.15	0.4	0.0178
-2.15	0.45	0.0118
-2.15	0.55	0.0136
-2.15	0.6	0.0209
-2.15	0.65	0.0034
-2.15	0.7	0.0183
-2.15	0.75	0.1007
-2.15	0.8	0.1821
-2.15	0.85	0.1648
-2.15	0.9	0.082
-2.15	0.95	0.0156
-2.15	1.05	0.0043
-2.15	1.1	0.0033
-2.1	-0.9	0.0032
-2.1	-0.85	0.0053
-2.1	-0.8	0.0043
-2.1	-0.75	0.0031
-2.1	-0.1	0.0045
-2.1	-0.05	0.0096
-2.1	0	0.0166
-2.1	0.05	0.015
-2.1	0.1	0.0026
-2.1	0.75	0.0026
-2.1	0.8	0.0049
-2.1	0.85	0.0029
-2.05	-0.95	0.0054
-2.05	-0.9	0.0283
-2.05	-0.85	0.0561
-2.05	-0.8	0.0601
-2.05	-0.75	0.0344
-2.05	-0.7	0.0061
-2.05	-0.6	0.0061
-2.05	-0.55	0.0041
-2.05	-0.45	0.0029
-2.05	-0.4	0.0044
-2.05	-0.3	0.0023
-2.05	-0.25	0.0087
-2.05	-0.2	0.0048
-2.05	-0.15	0.0023
-2.05	-0.1	0.0409
-2.05	-0.05	0.1134
-2.05	0	0.1531
-2.05	0.05	0.1142
-2.05	0.1	0.0396
-2.05	0.15	0.0021
-2.05	0.2	0.0041
-2.05	0.25	0.0083
-2.05	0.3	0.0024
-2.05	0.4	0.0038
-2.05	0.45	0.0025
-2.05	0.55	0.0029
-2.05	0.6	0.0047
-2.05	0.7	0.0041
-2.05	0.75	0.0228
-2.05	0.8	0.0416
-2.05	0.85	0.0381
-2.05	0.9	0.0186
-2.05	0.95	0.0039
-2	-1.6	0.0028
-2	-1.05	0.0033
-2	-0.95	0.0349
-2	-0.9	0.1101
-2	-0.85	0.1665
-2	-0.8	0.1576
-2	-0.75	0.083
-2	-0.7	0.0149
-2	-0.65	0.0024
-2	-0.6	0.0164
-2	-0.55	0.0107
-2	-0.45	0.008
-2	-0.4	0.0121
-2	-0.3	0.0062
-2	-0.25	0.0223
-2	-0.2	0.0115
-2	-0.15	0.0062
-2	-0.1	0.1011
-2	-0.05	0.282
-2	0	0.3775
-2	0.05	0.2803
-2	0.1	0.0995
-2	0.15	0.0047
-2	0.2	0.0112
-2	0.25	0.0209
-2	0.3	0.0057
-2	0.4	0.0099
-2	0.45	0.0066
-2	0.55	0.0078
-2	0.6	0.0119
-2	0.7	0.0102
-2	0.75	0.0586
-2	0.8	0.1039
-2	0.85	0.0963
-2	0.9	0.0477
-2	0.95	0.0095
-2	1.05	0.0026
-1.95	-1.4	0.006
-1.95	-1.1	0.0037
-1.95	-1.05	0.0028
-1.95	-0.95	0.0028
-1.95	-0.9	0.0152
-1.95	-0.85	0.0422
-1.95	-0.8	0.1252
-1.95	-0.75	0.156
-1.95	-0.7	0.0347
-1.95	-0.65	0.0031
-1.95	-0.6	0.0166
-1.95	-0.55	0.0098
-1.95	-0.45	0.0073
-1.95	-0.4	0.0112
-1.95	-0.3	0.0062
-1.95	-0.25	0.0225
-1.95	-0.2	0.0119
-1.95	-0.15	0.0049
-1.95	-0.1	0.0966
-1.95	-0.05	0.2643
-1.95	0	0.3484
-1.95	0.05	0.2567
-1.95	0.1	0.0894
-1.95	0.15	0.0057
-1.95	0.2	0.0101
-1.95	0.25	0.0193
-1.95	0.3	0.0054
-1.95	0.4	0.0094
-1.95	0.45	0.0061
-1.95	0.55	0.0074
-1.95	0.6	0.0117
-1.95	0.7	0.0104
-1.95	0.75	0.0559
-1.95	0.8	0.0992
-1.95	0.85	0.0908
-1.95	0.9	0.0454
-1.95	0.95	0.0087
-1.95	1.05	0.0023
-1.9	-1.2	0.003
-1.9	-0.9	0.0176
-1.9	-0.85	0.0957
-1.9	-0.8	0.0504
-1.9	-0.75	0.0087
-1.9	-0.6	0.0022
-1.9	-0.55	0.0031
-1.9	-0.45	0.0073
-1.9	-0.4	0.0066
-1.9	-0.3	0.0025
-1.9	-0.25	0.0092
-1.9	-0.2	0.0054
-1.9	-0.15	0.0023
-1.9	-0.1	0.0423
-1.9	-0.05	0.1264
-1.9	0	0.1674
-1.9	0.05	0.1213
-1.9	0.1	0.0417
-1.9	0.15	0.0021
-1.9	0.2	0.0045
-1.9	0.25	0.0084
-1.9	0.3	0.0023
-1.9	0.4	0.0039
-1.9	0.45	0.0027
-1.9	0.55	0.0031
-1.9	0.6	0.0049
-1.9	0.7	0.004
-1.9	0.75	0.0236
-1.9	0.8	0.0425
-1.9	0.85	0.0399
-1.9	0.9	0.02
-1.9	0.95	0.0041
-1.85	-0.95	0.0037
-1.85	-0.9	0.0028
-1.85	-0.85	0.0021
-1.85	-0.25	0.0028
-1.85	-0.2	0.0023
-1.85	-0.1	0.0025
-1.85	-0.05	0.008
-1.85	0	0.011
-1.85	0.05	0.0097
-1.85	0.1	0.0035
-1.85	0.8	0.0032
-1.85	0.85	0.0029
-1.8	-0.85	0.0072
-1.8	-0.8	0.0358
-1.8	-0.75	0.0632
-1.8	-0.7	0.002
-1.8	-0.05	0.0077
-1.8	0	0.03
-1.8	0.05	0.0328
-1.8	0.1	0.0095
-1.8	0.75	0.0043
-1.8	0.8	0.0075
-1.8	0.85	0.0065
-1.8	0.9	0.0031
-1.75	-0.85	0.0033
-1.75	-0.8	0.0046
-1.75	-0.75	0.0037
-1.75	-0.6	0.0076
-1.75	-0.55	0.0293
-1.75	-0.15	0.0048
-1.75	-0.1	0.0859
-1.75	-0.05	0.04
-1.75	0	0.0292
-1.75	0.05	0.0144
-1.75	0.1	0.0046
-1.75	0.25	0.0077
-1.75	0.3	0.0046
-1.75	0.55	0.0026
-1.75	0.6	0.0041
-1.75	0.7	0.0042
-1.75	0.75	0.0207
-1.75	0.8	0.0344
-1.75	0.85	0.0296
-1.75	0.9	0.014
-1.75	0.95	0.0026
-1.7	-0.8	0.0022
-1.7	-0.4	0.0052
-1.7	-0.35	0.0079
-1.7	-0.3	0.0196
-1.7	-0.25	0.0085
-1.7	-0.1	0.0063
-1.7	-0.05	0.0194
-1.7	0	0.0464
-1.7	0.05	0.1428
-1.7	0.1	0.1795
-1.7	0.15	0.0039
-1.7	0.2	0.0024
-1.7	0.55	0.0054
-1.7	0.6	0.0058
-1.7	0.75	0.0185
-1.7	0.8	0.0423
-1.7	0.85	0.045
-1.7	0.9	0.0224
-1.7	0.95	0.0043
-1.65	-0.2	0.0029
-1.65	-0.15	0.0074
-1.65	-0.1	0.2243
-1.65	-0.05	0.1126
-1.65	0	0.0343
-1.65	0.05	0.013
-1.65	0.1	0.0036
-1.65	0.4	0.0042
-1.65	0.75	0.02
-1.65	0.8	0.0707
-1.65	0.85	0.0202
-1.65	0.9	0.0043
-1.6	-0.05	0.0033
-1.6	0	0.0113
-1.6	0.05	0.034
-1.6	0.1	0.0702
-1.6	0.15	0.0033
-1.6	0.55	0.002
-1.6	0.6	0.0073
-1.55	0.8	0.0139
-1.55	0.85	0.0128
-1.5	0.55	0.0056
-1.45	0.7	0.0064
-1.45	0.75	0.0636
-1.45	0.8	0.0277
-1.45	0.85	0.0035
-1.4	0.85	0.0024
-1.4	0.9	0.003
-1.4	0.95	0.0052
-1.15	0	0.0021
-1.15	0.05	0.0021
-1.1	-0.1	0.0035
-1.1	-0.05	0.2539
-1.1	0	1.0536
-1.1	0.05	0.0798
-1.1	0.1	0.0254
-1.1	0.5	0.0055
-1.1	0.55	0.0108
-1.1	0.6	0.0051
-1.05	-0.25	0.0543
-1.05	0.8	0.0102
-1.05	0.85	0.0895
-1.05	0.9	0.1497
-1.05	0.95	0.0163
-1	-0.35	0.0021
-1	1.1	0.0047
-1	1.15	0.0025
-0.95	-0.45	0.0298
-0.9	-0.55	0.0063
-0.85	-0.6	0.0252
-0.8	-0.65	0.0098
-0.7	-0.8	0.0029
-0.7	-0.75	0.0074
-0.65	-0.8	0.232
-0.6	-0.85	0.3168
-0.5	-0.9	0.0317
-0.45	-0.9	0.0022
-0.4	-0.95	0.0181
-0.4	-0.9	0.0021
-0.4	-0.05	0.0031
-0.4	0	0.004
-0.4	0.05	0.0028
-0.35	-0.95	0.0055
-0.35	-0.9	0.0024
-0.35	-0.85	0.0031
-0.35	-0.8	0.0028
-0.35	-0.1	0.0023
-0.35	-0.05	0.0061
-0.35	0	0.0079
-0.35	0.05	0.0056
-0.35	0.8	0.0028
-0.35	0.85	0.0025
-0.3	-0.9	0.0026
-0.3	-0.85	0.004
-0.3	-0.8	0.0038
-0.3	-0.1	0.0034
-0.3	-0.05	0.0089
-0.3	0	0.0116
-0.3	0.05	0.0082
-0.3	0.1	0.0027
-0.3	0.75	0.0023
-0.3	0.8	0.004
-0.3	0.85	0.0036
-0.25	-1	0.1321
-0.25	-0.9	0.0025
-0.25	-0.85	0.0042
-0.25	-0.8	0.0042
-0.25	-0.75	0.0022
-0.25	-0.1	0.0039
-0.25	-0.05	0.0103
-0.25	0	0.0132
-0.25	0.05	0.0094
-0.25	0.1	0.0031
-0.25	0.75	0.0026
-0.25	0.8	0.0045
-0.25	0.85	0.004
-0.2	-1	0.0043
-0.2	-0.9	0.002
-0.2	-0.85	0.0036
-0.2	-0.8	0.0037
-0.2	-0.1	0.0035
-0.2	-0.05	0.0093
-0.2	0	0.0121
-0.2	0.05	0.0086
-0.2	0.1	0.0029
-0.2	0.75	0.0024
-0.2	0.8	0.004
-0.2	0.85	0.0036
-0.15	-0.85	0.0025
-0.15	-0.8	0.0026
-0.15	-0.1	0.0025
-0.15	-0.05	0.0065
-0.15	0	0.0084
-0.15	0.05	0.0061
-0.15	0.1	0.0021
-0.15	0.8	0.0027
-0.15	0.85	0.0025
-0.1	-0.05	0.0032
-0.1	0	0.0042
-0.1	0.05	0.0031