0.2	-1	0.003
0.25	-1	0.0065
0.3	-1	0.0973
0.4	-0.95	0.0608
0.4	-0.05	0.0024
0.4	0	0.0028
0.45	-0.95	0.4305
0.45	-0.9	0.0124
0.45	-0.85	0.0033
0.45	-0.1	0.0028
0.45	-0.05	0.0057
0.45	0	0.0065
0.45	0.05	0.0044
0.5	-1	0.0022
0.5	-0.95	0.0227
0.5	-0.9	0.3388
0.5	-0.85	0.01
0.5	-0.8	0.0025
0.5	-0.1	0.0049
0.5	-0.05	0.0098
0.5	0	0.011
0.5	0.05	0.0073
0.5	0.1	0.0024
0.5	0.8	0.0023
0.5	0.85	0.003
0.5	0.9	0.0022
0.55	-1	0.0021
0.55	-0.95	0.0141
0.55	-0.9	1.183
0.55	-0.85	0.0421
0.55	-0.8	0.0049
0.55	-0.1	0.0067
0.55	-0.05	0.0131
0.55	0	0.0146
0.55	0.05	0.0096
0.55	0.1	0.0031
0.55	0.8	0.003
0.55	0.85	0.0039
0.55	0.9	0.0029
0.6	-0.95	0.0085
0.6	-0.9	0.0512
0.6	-0.85	82.6479
0.6	-0.8	0.0113
0.6	-0.1	0.0076
0.6	-0.05	0.0147
0.6	0	0.016
0.6	0.05	0.0104
0.6	0.1	0.0033
0.6	0.8	0.0033
0.6	0.85	0.0042
0.6	0.9	0.0031
0.65	-0.95	0.0057
0.65	-0.9	0.0173
0.65	-0.85	0.1092
0.65	-0.8	0.3065
0.65	-0.1	0.0072
0.65	-0.05	0.0137
0.65	0	0.0149
0.65	0.05	0.0095
0.65	0.1	0.0029
0.65	0.8	0.0031
0.65	0.85	0.0038
0.65	0.9	0.0028
0.7	-0.95	0.0033
0.7	-0.9	0.0079
0.7	-0.85	0.0174
0.7	-0.8	0.2103
0.7	-0.75	0.0037
0.7	-0.1	0.0058
0.7	-0.05	0.0109
0.7	0	0.0116
0.7	0.05	0.0073
0.7	0.1	0.0022
0.7	0.8	0.0023
0.7	0.85	0.0029
0.7	0.9	0.0021
0.75	-0.9	0.0035
0.75	-0.85	0.0054
0.75	-0.8	0.0084
0.75	-0.75	0.1911
0.75	-0.7	0.0038
0.75	-0.1	0.0038
0.75	-0.05	0.0069
0.75	0	0.0074
0.75	0.05	0.0047
0.8	-0.75	0.0025
0.8	-0.7	0.0704
0.8	-0.65	0.0035
0.8	-0.05	0.0034
0.8	0	0.0036
0.8	0.05	0.0023
0.85	-0.65	0.0418
0.95	-0.5	0.0043
1	-0.45	0.0117
1.05	-0.35	0.0942
1.1	-0.25	0.0361
1.1	-0.05	0.0023
1.15	-0.15	0.0082
1.15	-0.1	0.3482
1.15	-0.05	0.0093
1.15	0	0.0039
1.2	-0.05	0.0038
1.2	0	0.0262
1.2	0.05	0.061
1.2	0.1	0.0029
1.25	0.2	0.0055
1.25	0.25	0.031
1.25	0.3	0.003
1.3	0.5	0.0045
1.3	0.55	0.0081
1.3	0.6	0.0091
1.3	0.65	0.0023
1.35	0.8	0.0117
1.35	0.85	0.0881
1.35	0.9	0.0476
1.35	0.95	0.0495
1.35	1	0.0049
1.5	-0.85	0.0049
1.5	-0.75	0.0026
1.5	-0.7	0.0029
1.55	-0.3	0.0028
1.6	-0.8	0.0021
1.6	-0.75	0.0033
1.6	-0.1	0.0033
1.6	-0.05	0.0126
1.6	0	0.1014
1.6	0.05	0.0531
1.6	0.1	0.0252
1.65	-0.95	0.0124
1.65	-0.9	0.0335
1.65	-0.85	0.0113
1.65	-0.8	0.0044
1.65	-0.4	0.0078
1.65	-0.05	0.003
1.65	0	0.005
1.65	0.05	0.0046
1.65	0.1	0.0024
1.65	0.4	0.003
1.65	0.45	0.0074
1.65	0.5	0.0045
1.7	-0.95	0.0092
1.7	-0.9	0.0219
1.7	-0.85	0.0286
1.7	-0.8	0.0212
1.7	-0.75	0.0074
1.7	-0.65	0.0087
1.7	-0.6	0.0098
1.7	-0.55	0.0025
1.7	-0.1	0.0224
1.7	-0.05	0.3561
1.7	0	0.498
1.7	0.05	0.1168
1.7	0.1	0.0267
1.7	0.15	0.0026
1.7	0.8	0.0124
1.7	0.85	0.0508
1.7	0.9	0.1435
1.7	0.95	0.1288
1.7	1	0.008
1.75	-1	0.0039
1.75	-0.95	0.0215
1.75	-0.9	0.0483
1.75	-0.85	0.0596
1.75	-0.8	0.042
1.75	-0.75	0.0131
1.75	-0.65	0.0051
1.75	-0.6	0.007
1.75	-0.45	0.0043
1.75	-0.4	0.0049
1.75	-0.3	0.0223
1.75	-0.25	0.0314
1.75	-0.2	0.0044
1.75	-0.1	0.0119
1.75	-0.05	0.0249
1.75	0	0.0324
1.75	0.05	0.0279
1.75	0.1	0.0157
1.75	0.15	0.003
1.75	0.2	0.0032
1.75	0.25	0.0186
1.75	0.3	0.0461
1.75	0.4	0.0082
1.75	0.45	0.0069
1.75	0.8	0.0036
1.75	0.85	0.0058
1.75	0.9	0.0054
1.75	0.95	0.003
1.75	1.35	0.0021
1.8	-1	0.0076
1.8	-0.95	0.0373
1.8	-0.9	0.0778
1.8	-0.85	0.0924
1.8	-0.8	0.0616
1.8	-0.75	0.0184
1.8	-0.65	0.009
1.8	-0.6	0.0113
1.8	-0.55	0.0025
1.8	-0.45	0.0099
1.8	-0.4	0.0075
1.8	-0.3	0.0085
1.8	-0.25	0.0169
1.8	-0.2	0.0059
1.8	-0.15	0.0051
1.8	-0.1	0.0524
1.8	-0.05	0.2946
1.8	0	0.6103
1.8	0.05	0.6059
1.8	0.1	0.1862
1.8	0.15	0.0066
1.8	0.25	0.0039
1.8	0.45	0.0024
1.8	0.6	0.0129
1.8	0.65	0.051
1.8	0.7	0.0046
1.8	0.75	0.0555
1.8	0.8	0.0932
1.8	0.85	0.0564
1.8	0.9	0.027
1.8	0.95	0.0085
1.8	1.8	0.0029
1.85	-1.15	0.0022
1.85	-1.1	0.0024
1.85	-1	0.0111
1.85	-0.95	0.0518
1.85	-0.9	0.1053
1.85	-0.85	0.1207
1.85	-0.8	0.0791
1.85	-0.75	0.0213
1.85	-0.65	0.0116
1.85	-0.6	0.014
1.85	-0.55	0.0027
1.85	-0.5	0.0026
1.85	-0.45	0.0119
1.85	-0.4	0.0085
1.85	-0.3	0.0125
1.85	-0.25	0.0257
1.85	-0.2	0.0082
1.85	-0.15	0.0164
1.85	-0.1	0.1483
1.85	-0.05	0.3632
1.85	0	0.4576
1.85	0.05	0.3089
1.85	0.1	0.0949
1.85	0.15	0.0064
1.85	0.2	0.0036
1.85	0.25	0.0142
1.85	0.3	0.0228
1.85	0.4	0.015
1.85	0.45	0.0147
1.85	0.6	0.0026
1.85	0.75	0.0042
1.85	0.8	0.018
1.85	0.85	0.039
1.85	0.9	0.0522
1.85	0.95	0.0438
1.85	1	0.0455
1.85	1.1	0.0173
1.85	1.15	0.0067
1.9	-1.15	0.0022
1.9	-1.1	0.0023
1.9	-1	0.0116
1.9	-0.95	0.0538
1.9	-0.9	0.1084
1.9	-0.85	0.1249
1.9	-0.8	0.0805
1.9	-0.75	0.0217
1.9	-0.65	0.0127
1.9	-0.6	0.0145
1.9	-0.55	0.0028
1.9	-0.5	0.0027
1.9	-0.45	0.0123
1.9	-0.4	0.0082
1.9	-0.3	0.0125
1.9	-0.25	0.024
1.9	-0.2	0.0071
1.9	-0.15	0.0147
1.9	-0.1	0.1412
1.9	-0.05	0.3489
1.9	0	0.459
1.9	0.05	0.3558
1.9	0.1	0.1425
1.9	0.15	0.0145
1.9	0.2	0.0129
1.9	0.25	0.0343
1.9	0.3	0.0161
1.9	0.4	0.0077
1.9	0.45	0.0069
1.9	0.6	0.0085
1.9	0.65	0.0239
1.9	0.7	0.0024
1.9	0.75	0.0432
1.9	0.8	0.0979
1.9	0.85	0.0529
1.9	0.9	0.0253
1.9	0.95	0.0098
1.95	-1	0.0086
1.95	-0.95	0.0404
1.95	-0.9	0.0816
1.95	-0.85	0.093
1.95	-0.8	0.0602
1.95	-0.75	0.0153
1.95	-0.65	0.0102
1.95	-0.6	0.0118
1.95	-0.55	0.0022
1.95	-0.5	0.0024
1.95	-0.45	0.0102
1.95	-0.4	0.0067
1.95	-0.3	0.0103
1.95	-0.25	0.0198
1.95	-0.2	0.0053
1.95	-0.15	0.0131
1.95	-0.1	0.1102
1.95	-0.05	0.2642
1.95	0	0.3353
1.95	0.05	0.2485
1.95	0.1	0.0952
1.95	0.15	0.0077
1.95	0.2	0.009
1.95	0.25	0.0231
1.95	0.3	0.0109
1.95	0.4	0.0085
1.95	0.45	0.0118
1.95	0.5	0.0022
1.95	0.55	0.0033
1.95	0.6	0.0155
1.95	0.65	0.0117
1.95	0.75	0.0141
1.95	0.8	0.0218
1.95	0.85	0.0278
1.95	0.9	0.0272
1.95	0.95	0.0271
1.95	1	0.0108
1.95	1.1	0.0046
1.95	1.15	0.0025
1.95	1.8	0.0028
2	-1	0.0046
2	-0.95	0.0213
2	-0.9	0.0433
2	-0.85	0.0493
2	-0.8	0.0312
2	-0.75	0.0077
2	-0.65	0.0057
2	-0.6	0.0063
2	-0.45	0.0059
2	-0.4	0.004
2	-0.3	0.006
2	-0.25	0.0114
2	-0.2	0.0035
2	-0.15	0.0061
2	-0.1	0.062
2	-0.05	0.1493
2	0	0.1891
2	0.05	0.1389
2	0.1	0.0517
2	0.15	0.0041
2	0.2	0.0053
2	0.25	0.0127
2	0.3	0.0058
2	0.4	0.0046
2	0.45	0.0059
2	0.6	0.0069
2	0.65	0.0052
2	0.75	0.0127
2	0.8	0.0447
2	0.85	0.0686
2	0.9	0.0636
2	0.95	0.0356
2	1	0.006
2.05	-0.95	0.0068
2.05	-0.9	0.0138
2.05	-0.85	0.0157
2.05	-0.8	0.0099
2.05	-0.75	0.0022
2.05	-0.6	0.0021
2.05	-0.45	0.0024
2.05	-0.25	0.0041
2.05	-0.1	0.0189
2.05	-0.05	0.0486
2.05	0	0.062
2.05	0.05	0.0451
2.05	0.1	0.0164
2.05	0.2	0.0021
2.05	0.25	0.0044
2.05	0.45	0.0024
2.05	0.6	0.0023
2.05	0.75	0.0036
2.05	0.8	0.0127
2.05	0.85	0.0191
2.05	0.9	0.0162
2.05	0.95	0.0072
2.1	-0.95	0.0032
2.1	-0.9	0.0068
2.1	-0.85	0.0082
2.1	-0.8	0.0056
2.1	-0.25	0.0021
2.1	-0.1	0.0082
2.1	-0.05	0.0232
2.1	0	0.031
2.1	0.05	0.0241
2.1	0.1	0.0102
2.1	0.8	0.0056
2.1	0.85	0.0089
2.1	0.9	0.0081
2.1	0.95	0.0041
2.15	-1	0.0023
2.15	-0.95	0.011
2.15	-0.9	0.0228
2.15	-0.85	0.0271
2.15	-0.8	0.0187
2.15	-0.75	0.0056
2.15	-0.6	0.0022
2.15	-0.45	0.0029
2.15	-0.3	0.0029
2.15	-0.25	0.0057
2.15	-0.15	0.0032
2.15	-0.1	0.0296
2.15	-0.05	0.0747
2.15	0	0.099
2.15	0.05	0.0772
2.15	0.1	0.0326
2.15	0.15	0.0042
2.15	0.25	0.0041
2.15	0.4	0.0023
2.15	0.45	0.003
2.15	0.6	0.0034
2.15	0.65	0.0027
2.15	0.75	0.0056
2.15	0.8	0.0195
2.15	0.85	0.0298
2.15	0.9	0.0257
2.15	0.95	0.0129
2.15	1	0.0029
2.2	-1	0.0047
2.2	-0.95	0.0218
2.2	-0.9	0.0448
2.2	-0.85	0.0525
2.2	-0.8	0.0356
2.2	-0.75	0.0108
2.2	-0.65	0.0035
2.2	-0.6	0.0046
2.2	-0.45	0.005
2.2	-0.4	0.0033
2.2	-0.3	0.0058
2.2	-0.25	0.0109
2.2	-0.2	0.0033
2.2	-0.15	0.006
2.2	-0.1	0.0615
2.2	-0.05	0.1498
2.2	0	0.1969
2.2	0.05	0.1523
2.2	0.1	0.0624
2.2	0.15	0.0076
2.2	0.2	0.0022
2.2	0.25	0.0088
2.2	0.3	0.0044
2.2	0.4	0.004
2.2	0.45	0.0052
2.2	0.6	0.0067
2.2	0.65	0.005
2.2	0.75	0.0115
2.2	0.8	0.0408
2.2	0.85	0.0612
2.2	0.9	0.0526
2.2	0.95	0.026
2.2	1	0.0057
2.25	-1	0.0055
2.25	-0.95	0.0259
2.25	-0.9	0.0526
2.25	-0.85	0.0614
2.25	-0.8	0.0415
2.25	-0.75	0.0124
2.25	-0.65	0.0042
2.25	-0.6	0.0056
2.25	-0.45	0.0057
2.25	-0.4	0.0036
2.25	-0.3	0.0069
2.25	-0.25	0.0131
2.25	-0.2	0.0036
2.25	-0.15	0.0084
2.25	-0.1	0.0734
2.25	-0.05	0.1807
2.25	0	0.2349
2.25	0.05	0.1809
2.25	0.1	0.0744
2.25	0.15	0.0086
2.25	0.2	0.0029
2.25	0.25	0.0109
2.25	0.3	0.0053
2.25	0.4	0.0044
2.25	0.45	0.0059
2.25	0.6	0.0076
2.25	0.65	0.0057
2.25	0.75	0.0139
2.25	0.8	0.048
2.25	0.85	0.0725
2.25	0.9	0.0624
2.25	0.95	0.0311
2.25	1	0.0068
2.3	-1	0.0041
2.3	-0.95	0.0191
2.3	-0.9	0.0389
2.3	-0.85	0.0453
2.3	-0.8	0.0305
2.3	-0.75	0.0091
2.3	-0.65	0.003
2.3	-0.6	0.004
2.3	-0.45	0.0039
2.3	-0.4	0.0025
2.3	-0.3	0.0051
2.3	-0.25	0.0091
2.3	-0.2	0.0025
2.3	-0.15	0.0056
2.3	-0.1	0.054
2.3	-0.05	0.1309
2.3	0	0.1714
2.3	0.05	0.1324
2.3	0.1	0.0547
2.3	0.15	0.0066
2.3	0.2	0.002
2.3	0.25	0.008
2.3	0.3	0.004
2.3	0.4	0.0032
2.3	0.45	0.0041
2.3	0.6	0.0056
2.3	0.65	0.004
2.3	0.75	0.0099
2.3	0.8	0.0343
2.3	0.85	0.0514
2.3	0.9	0.0445
2.3	0.95	0.0219
2.3	1	0.0049
2.35	-0.95	0.0069
2.35	-0.9	0.0136
2.35	-0.85	0.0161
2.35	-0.8	0.0109
2.35	-0.75	0.0032
2.35	-0.25	0.0032
2.35	-0.15	0.002
2.35	-0.1	0.0189
2.35	-0.05	0.0462
2.35	0	0.0597
2.35	0.05	0.0456
2.35	0.1	0.0191
2.35	0.15	0.0025
2.35	0.25	0.0026
2.35	0.6	0.002
2.35	0.75	0.004
2.35	0.8	0.0127
2.35	0.85	0.0185
2.35	0.9	0.0159
2.35	0.95	0.0077
2.45	-0.95	0.0059
2.45	-0.9	0.0117
2.45	-0.85	0.0137
2.45	-0.8	0.0091
2.45	-0.75	0.0023
2.45	-0.25	0.0033
2.45	-0.1	0.0156
2.45	-0.05	0.0392
2.45	0	0.0526
2.45	0.05	0.0394
2.45	0.1	0.0156
2.45	0.25	0.0032
2.45	0.75	0.0026
2.45	0.8	0.0102
2.45	0.85	0.0156
2.45	0.9	0.0136
2.45	0.95	0.0067
2.5	-1	0.0041
2.5	-0.95	0.0197
2.5	-0.9	0.0411
2.5	-0.85	0.0477
2.5	-0.8	0.0318
2.5	-0.75	0.0089
2.5	-0.65	0.0041
2.5	-0.6	0.005
2.5	-0.45	0.0051
2.5	-0.4	0.0035
2.5	-0.3	0.0052
2.5	-0.25	0.0104
2.5	-0.2	0.0035
2.5	-0.15	0.0051
2.5	-0.1	0.0548
2.5	-0.05	0.1358
2.5	0	0.1803
2.5	0.05	0.1378
2.5	0.1	0.056
2.5	0.15	0.0054
2.5	0.2	0.0032
2.5	0.25	0.0101
2.5	0.3	0.0049
2.5	0.4	0.004
2.5	0.45	0.0054
2.5	0.6	0.0061
2.5	0.65	0.0048
2.5	0.75	0.0096
2.5	0.8	0.0353
2.5	0.85	0.0534
2.5	0.9	0.0462
2.5	0.95	0.0226
2.5	1	0.0047
2.55	-1	0.006
2.55	-0.95	0.0304
2.55	-0.9	0.0625
2.55	-0.85	0.0731
2.55	-0.8	0.0485
2.55	-0.75	0.0138
2.55	-0.65	0.006
2.55	-0.6	0.0075
2.55	-0.45	0.0077
2.55	-0.4	0.005
2.55	-0.3	0.0079
2.55	-0.25	0.0158
2.55	-0.2	0.0049
2.55	-0.15	0.0085
2.55	-0.1	0.0817
2.55	-0.05	0.2061
2.55	0	0.2696
2.55	0.05	0.2075
2.55	0.1	0.0832
2.55	0.15	0.0085
2.55	0.2	0.0046
2.55	0.25	0.015
2.55	0.3	0.0071
2.55	0.4	0.0059
2.55	0.45	0.0081
2.55	0.6	0.0094
2.55	0.65	0.0074
2.55	0.75	0.0154
2.55	0.8	0.0545
2.55	0.85	0.0822
2.55	0.9	0.0702
2.55	0.95	0.0344
2.55	1	0.007
2.6	-1	0.0058
2.6	-0.95	0.0266
2.6	-0.9	0.0549
2.6	-0.85	0.0636
2.6	-0.8	0.0423
2.6	-0.75	0.012
2.6	-0.65	0.0051
2.6	-0.6	0.0064
2.6	-0.45	0.0065
2.6	-0.4	0.0043
2.6	-0.3	0.0072
2.6	-0.25	0.0136
2.6	-0.2	0.0041
2.6	-0.15	0.0076
2.6	-0.1	0.0746
2.6	-0.05	0.1824
2.6	0	0.2393
2.6	0.05	0.1819
2.6	0.1	0.0731
2.6	0.15	0.0075
2.6	0.2	0.0038
2.6	0.25	0.0125
2.6	0.3	0.0061
2.6	0.4	0.0051
2.6	0.45	0.0067
2.6	0.6	0.0083
2.6	0.65	0.0062
2.6	0.75	0.0139
2.6	0.8	0.0489
2.6	0.85	0.0736
2.6	0.9	0.0633
2.6	0.95	0.0306
2.6	1	0.0066
2.65	-1	0.0023
2.65	-0.95	0.0111
2.65	-0.9	0.0228
2.65	-0.85	0.0266
2.65	-0.8	0.0175
2.65	-0.75	0.0051
2.65	-0.65	0.0021
2.65	-0.6	0.0025
2.65	-0.45	0.0026
2.65	-0.3	0.003
2.65	-0.25	0.0057
2.65	-0.15	0.0036
2.65	-0.1	0.0317
2.65	-0.05	0.0777
2.65	0	0.1004
2.65	0.05	0.0763
2.65	0.1	0.0309
2.65	0.15	0.0034
2.65	0.25	0.0051
2.65	0.3	0.0025
2.65	0.45	0.0027
2.65	0.6	0.0035
2.65	0.65	0.0025
2.65	0.75	0.0062
2.65	0.8	0.0212
2.65	0.85	0.0314
2.65	0.9	0.0268
2.65	0.95	0.0134
2.65	1	0.0026
2.75	-1	0.0028
2.75	-0.95	0.015
2.75	-0.9	0.0299
2.75	-0.85	0.0359
2.75	-0.8	0.024
2.75	-0.75	0.0064
2.75	-0.65	0.0032
2.75	-0.6	0.004
2.75	-0.45	0.0039
2.75	-0.4	0.0028
2.75	-0.3	0.0036
2.75	-0.25	0.0078
2.75	-0.2	0.0026
2.75	-0.15	0.004
2.75	-0.1	0.0376
2.75	-0.05	0.0973
2.75	0	0.1307
2.75	0.05	0.1019
2.75	0.1	0.0407
2.75	0.15	0.0049
2.75	0.2	0.0023
2.75	0.25	0.0079
2.75	0.3	0.0038
2.75	0.4	0.0028
2.75	0.45	0.0042
2.75	0.6	0.0045
2.75	0.65	0.0037
2.75	0.75	0.0064
2.75	0.8	0.0252
2.75	0.85	0.0384
2.75	0.9	0.0338
2.75	0.95	0.0171
2.75	1	0.0034
2.8	-1.15	0.003
2.8	-1.1	0.0033
2.8	-1	0.0135
2.8	-0.95	0.065
2.8	-0.9	0.1365
2.8	-0.85	0.1586
2.8	-0.8	0.1051
2.8	-0.75	0.0299
2.8	-0.65	0.0135
2.8	-0.6	0.017
2.8	-0.55	0.0031
2.8	-0.5	0.0038
2.8	-0.45	0.0165
2.8	-0.4	0.0117
2.8	-0.3	0.0169
2.8	-0.25	0.0341
2.8	-0.2	0.0113
2.8	-0.15	0.0176
2.8	-0.1	0.1762
2.8	-0.05	0.4451
2.8	0	0.5839
2.8	0.05	0.4459
2.8	0.1	0.1818
2.8	0.15	0.0175
2.8	0.2	0.0101
2.8	0.25	0.0328
2.8	0.3	0.0163
2.8	0.4	0.0125
2.8	0.45	0.0174
2.8	0.5	0.0038
2.8	0.55	0.0038
2.8	0.6	0.0201
2.8	0.65	0.0159
2.8	0.75	0.0316
2.8	0.8	0.1158
2.8	0.85	0.1764
2.8	0.9	0.1531
2.8	0.95	0.075
2.8	1	0.0157
2.8	1.1	0.0034
2.8	1.15	0.0031
2.85	-1.15	0.0063
2.85	-1.1	0.0068
2.85	-1	0.0291
2.85	-0.95	0.1421
2.85	-0.9	0.2933
2.85	-0.85	0.3462
2.85	-0.8	0.2288
2.85	-0.75	0.0667
2.85	-0.65	0.0292
2.85	-0.6	0.0365
2.85	-0.55	0.0066
2.85	-0.5	0.0079
2.85	-0.45	0.0358
2.85	-0.4	0.0246
2.85	-0.3	0.0371
2.85	-0.25	0.0741
2.85	-0.2	0.0247
2.85	-0.15	0.0388
2.85	-0.1	0.3866
2.85	-0.05	0.9772
2.85	0	1.2695
2.85	0.05	0.9796
2.85	0.1	0.3961
2.85	0.15	0.0449
2.85	0.2	0.022
2.85	0.25	0.0719
2.85	0.3	0.0348
2.85	0.4	0.0267
2.85	0.45	0.0377
2.85	0.5	0.0075
2.85	0.55	0.0087
2.85	0.6	0.0435
2.85	0.65	0.0345
2.85	0.75	0.0725
2.85	0.8	0.2583
2.85	0.85	0.3895
2.85	0.9	0.3364
2.85	0.95	0.1639
2.85	1	0.0337
2.85	1.1	0.0072
2.85	1.15	0.0069
2.85	1.3	0.0021
2.9	-1.3	0.0027
2.9	-1.15	0.0097
2.9	-1.1	0.0105
2.9	-1	0.047
2.9	-0.95	0.2205
2.9	-0.9	0.453
2.9	-0.85	0.5255
2.9	-0.8	0.3503
2.9	-0.75	0.0965
2.9	-0.7	0.0023
2.9	-0.65	0.0437
2.9	-0.6	0.0557
2.9	-0.55	0.0094
2.9	-0.5	0.0127
2.9	-0.45	0.0541
2.9	-0.4	0.0369
2.9	-0.3	0.0576
2.9	-0.25	0.113
2.9	-0.2	0.0345
2.9	-0.15	0.0638
2.9	-0.1	0.609
2.9	-0.05	1.5105
2.9	0	1.9795
2.9	0.05	1.5062
2.9	0.1	0.6007
2.9	0.15	0.0575
2.9	0.2	0.0341
2.9	0.25	0.1076
2.9	0.3	0.0522
2.9	0.4	0.0412
2.9	0.45	0.056
2.9	0.5	0.0113
2.9	0.55	0.0134
2.9	0.6	0.0658
2.9	0.65	0.0515
2.9	0.75	0.1123
2.9	0.8	0.3978
2.9	0.85	0.6002
2.9	0.9	0.5166
2.9	0.95	0.2518
2.9	1	0.0524
2.9	1.1	0.0116
2.9	1.15	0.0105
2.9	1.3	0.0032
2.95	-1.3	0.0031
2.95	-1.15	0.0118
2.95	-1.1	0.0123
2.95	-1	0.0569
2.95	-0.95	0.2708
2.95	-0.9	0.5491
2.95	-0.85	0.6405
2.95	-0.8	0.4199
2.95	-0.75	0.1185
2.95	-0.7	0.0021
2.95	-0.65	0.0537
2.95	-0.6	0.0658
2.95	-0.55	0.0121
2.95	-0.5	0.0145
2.95	-0.45	0.0646
2.95	-0.4	0.0428
2.95	-0.35	0.0023
2.95	-0.3	0.0693
2.95	-0.25	0.134
2.95	-0.2	0.0415
2.95	-0.15	0.0777
2.95	-0.1	0.738
2.95	-0.05	1.8267
2.95	0	2.3778
2.95	0.05	1.8216
2.95	0.1	0.7235
2.95	0.15	0.0776
2.95	0.2	0.041
2.95	0.25	0.1337
2.95	0.3	0.063
2.95	0.35	0.0025
2.95	0.4	0.0498
2.95	0.45	0.0677
2.95	0.5	0.0137
2.95	0.55	0.017
2.95	0.6	0.0801
2.95	0.65	0.0607
2.95	0.7	0.0048
2.95	0.75	0.1372
2.95	0.8	0.4809
2.95	0.85	0.7194
2.95	0.9	0.6144
2.95	0.95	0.2992
2.95	1	0.0611
2.95	1.1	0.0138
2.95	1.15	0.0127
2.95	1.3	0.0039
2.95	1.8	0.0023
3	-1.3	0.0031
3	-1.15	0.0116
3	-1.1	0.012
3	-1	0.0581
3	-0.95	0.2692
3	-0.9	0.5452
3	-0.85	0.6263
3	-0.8	0.4132
3	-0.75	0.1122
3	-0.7	0.0035
3	-0.65	0.0526
3	-0.6	0.0655
3	-0.55	0.0111
3	-0.5	0.0154
3	-0.45	0.0623
3	-0.4	0.0417
3	-0.35	0.0024
3	-0.3	0.0683
3	-0.25	0.1309
3	-0.2	0.0373
3	-0.15	0.0848
3	-0.1	0.7404
3	-0.05	1.8017
3	0	2.3321
3	0.05	1.7643
3	0.1	0.7052
3	0.15	0.0624
3	0.2	0.0418
3	0.25	0.1292
3	0.3	0.0618
3	0.4	0.049
3	0.45	0.0659
3	0.5	0.0123
3	0.55	0.0171
3	0.6	0.0781
3	0.65	0.0591
3	0.75	0.1394
3	0.8	0.4784
3	0.85	0.7119
3	0.9	0.6059
3	0.95	0.2924
3	1	0.0608
3	1.1	0.0137
3	1.15	0.0123
3	1.3	0.0037
3	1.8	0.0023
3.05	-1.3	0.0024
3.05	-1.15	0.0093
3.05	-1.1	0.0094
3.05	-1	0.0476
3.05	-0.95	0.2204
3.05	-0.9	0.4414
3.05	-0.85	0.5101
3.05	-0.8	0.3313
3.05	-0.75	0.091
3.05	-0.65	0.0441
3.05	-0.6	0.0526
3.05	-0.55	0.0093
3.05	-0.5	0.0119
3.05	-0.45	0.0508
3.05	-0.4	0.0329
3.05	-0.35	0.0021
3.05	-0.3	0.0565
3.05	-0.25	0.1047
3.05	-0.2	0.0304
3.05	-0.15	0.0668
3.05	-0.1	0.6077
3.05	-0.05	1.4646
3.05	0	1.8774
3.05	0.05	1.4219
3.05	0.1	0.5573
3.05	0.15	0.0562
3.05	0.2	0.0344
3.05	0.25	0.1061
3.05	0.3	0.0491
3.05	0.4	0.0397
3.05	0.45	0.0526
3.05	0.5	0.0102
3.05	0.55	0.0141
3.05	0.6	0.0647
3.05	0.65	0.0469
3.05	0.7	0.0041
3.05	0.75	0.1175
3.05	0.8	0.3973
3.05	0.85	0.583
3.05	0.9	0.492
3.05	0.95	0.2354
3.05	1	0.0474
3.05	1.1	0.0112
3.05	1.15	0.01
3.05	1.3	0.003
3.1	-1.15	0.0061
3.1	-1.1	0.0059
3.1	-1	0.0331
3.1	-0.95	0.1464
3.1	-0.9	0.2896
3.1	-0.85	0.3285
3.1	-0.8	0.2133
3.1	-0.75	0.0555
3.1	-0.65	0.029
3.1	-0.6	0.035
3.1	-0.55	0.0056
3.1	-0.5	0.0085
3.1	-0.45	0.0329
3.1	-0.4	0.0211
3.1	-0.3	0.0381
3.1	-0.25	0.0685
3.1	-0.2	0.0176
3.1	-0.15	0.0492
3.1	-0.1	0.4103
3.1	-0.05	0.9792
3.1	0	1.2395
3.1	0.05	0.9197
3.1	0.1	0.3599
3.1	0.15	0.029
3.1	0.2	0.0248
3.1	0.25	0.0685
3.1	0.3	0.0319
3.1	0.4	0.0255
3.1	0.45	0.0334
3.1	0.5	0.0059
3.1	0.55	0.0102
3.1	0.6	0.0415
3.1	0.65	0.0302
3.1	0.75	0.0822
3.1	0.8	0.2656
3.1	0.85	0.3875
3.1	0.9	0.3244
3.1	0.95	0.1529
3.1	1	0.0305
3.1	1.1	0.0077
3.1	1.15	0.0065
3.15	-1.15	0.0031
3.15	-1.1	0.0028
3.15	-1	0.018
3.15	-0.95	0.0769
3.15	-0.9	0.1477
3.15	-0.85	0.1655
3.15	-0.8	0.1047
3.15	-0.75	0.0279
3.15	-0.65	0.0153
3.15	-0.6	0.0171
3.15	-0.55	0.0029
3.15	-0.5	0.0041
3.15	-0.45	0.0164
3.15	-0.4	0.0099
3.15	-0.3	0.0197
3.15	-0.25	0.0337
3.15	-0.2	0.0087
3.15	-0.15	0.0286
3.15	-0.1	0.2157
3.15	-0.05	0.5009
3.15	0	0.6312
3.15	0.05	0.4637
3.15	0.1	0.1756
3.15	0.15	0.0154
3.15	0.2	0.0131
3.15	0.25	0.0362
3.15	0.3	0.0159
3.15	0.4	0.0133
3.15	0.45	0.0167
3.15	0.5	0.0031
3.15	0.55	0.0055
3.15	0.6	0.0215
3.15	0.65	0.0145
3.15	0.75	0.0424
3.15	0.8	0.137
3.15	0.85	0.1955
3.15	0.9	0.1613
3.15	0.95	0.0756
3.15	1	0.0147
3.15	1.1	0.0041
3.15	1.15	0.0034
3.2	-1	0.0065
3.2	-0.95	0.0272
3.2	-0.9	0.0508
3.2	-0.85	0.0548
3.2	-0.8	0.0336
3.2	-0.75	0.0081
3.2	-0.65	0.0056
3.2	-0.6	0.006
3.2	-0.45	0.0055
3.2	-0.4	0.0032
3.2	-0.3	0.0069
3.2	-0.25	0.0113
3.2	-0.2	0.0026
3.2	-0.15	0.0125
3.2	-0.1	0.0782
3.2	-0.05	0.176
3.2	0	0.2141
3.2	0.05	0.1534
3.2	0.1	0.0567
3.2	0.15	0.0035
3.2	0.2	0.0056
3.2	0.25	0.0127
3.2	0.3	0.0055
3.2	0.4	0.0046
3.2	0.45	0.0056
3.2	0.55	0.002
3.2	0.6	0.0073
3.2	0.65	0.0048
3.2	0.75	0.0157
3.2	0.8	0.0481
3.2	0.85	0.0679
3.2	0.9	0.0542
3.2	0.95	0.0245
3.2	1	0.0045
3.25	-0.95	0.0045
3.25	-0.9	0.0077
3.25	-0.85	0.008
3.25	-0.8	0.0045
3.25	-0.15	0.0026
3.25	-0.1	0.0133
3.25	-0.05	0.028
3.25	0	0.0315
3.25	0.05	0.0213
3.25	0.1	0.0079
3.25	0.25	0.0023
3.25	0.75	0.0032
3.25	0.8	0.0081
3.25	0.85	0.011
3.25	0.9	0.0087
3.25	0.95	0.0035
3.3	-0.9	0.0032
3.3	-0.85	0.0043
3.3	-0.8	0.0034
3.3	-0.1	0.0028
3.3	-0.05	0.0093
3.3	0	0.0141
3.3	0.05	0.0127
3.3	0.1	0.0064
3.3	0.8	0.0022
3.3	0.85	0.0042
3.3	0.9	0.0042
3.3	0.95	0.0024
3.35	-0.95	0.0059
3.35	-0.9	0.0126
3.35	-0.85	0.0154
3.35	-0.8	0.0109
3.35	-0.75	0.0035
3.35	-0.25	0.0031
3.35	-0.1	0.0147
3.35	-0.05	0.0393
3.35	0	0.0542
3.35	0.05	0.0436
3.35	0.1	0.0192
3.35	0.15	0.0027
3.35	0.25	0.0025
3.35	0.75	0.0025
3.35	0.8	0.01
3.35	0.85	0.0158
3.35	0.9	0.0144
3.35	0.95	0.0075
3.4	-0.95	0.0092
3.4	-0.9	0.0185
3.4	-0.85	0.0215
3.4	-0.8	0.0145
3.4	-0.75	0.0042
3.4	-0.45	0.0022
3.4	-0.3	0.0021
3.4	-0.25	0.0042
3.4	-0.15	0.0029
3.4	-0.1	0.0246
3.4	-0.05	0.0603
3.4	0	0.0781
3.4	0.05	0.06
3.4	0.1	0.0246
3.4	0.15	0.0028
3.4	0.25	0.0037
3.4	0.45	0.0022
3.4	0.6	0.0024
3.4	0.75	0.0046
3.4	0.8	0.0155
3.4	0.85	0.0234
3.4	0.9	0.0201
3.4	0.95	0.01
3.4	1	0.0022
3.45	-1	0.002
3.45	-0.95	0.0084
3.45	-0.9	0.0162
3.45	-0.85	0.0181
3.45	-0.8	0.0116
3.45	-0.75	0.0032
3.45	-0.25	0.0033
3.45	-0.15	0.003
3.45	-0.1	0.0229
3.45	-0.05	0.0528
3.45	0	0.0663
3.45	0.05	0.049
3.45	0.1	0.0192
3.45	0.25	0.0032
3.45	0.6	0.002
3.45	0.75	0.0045
3.45	0.8	0.0141
3.45	0.85	0.0201
3.45	0.9	0.0166
3.45	0.95	0.0079
3.5	-0.95	0.0049
3.5	-0.9	0.009
3.5	-0.85	0.0097
3.5	-0.8	0.0059
3.5	-0.15	0.0025
3.5	-0.1	0.0142
3.5	-0.05	0.0302
3.5	0	0.0359
3.5	0.05	0.0256
3.5	0.1	0.0092
3.5	0.75	0.0029
3.5	0.8	0.0083
3.5	0.85	0.0113
3.5	0.9	0.0088
3.5	0.95	0.0039
3.55	-0.9	0.0029
3.55	-0.85	0.0028
3.55	-0.1	0.0052
3.55	-0.05	0.01
3.55	0	0.011
3.55	0.05	0.0072
3.55	0.1	0.0023
3.55	0.8	0.0029
3.55	0.85	0.0036
3.55	0.9	0.0026
3.7	-0.05	0.0033
3.7	0	0.004
3.7	0.05	0.0029
3.75	-0.1	0.0022
3.75	-0.05	0.004
3.75	0	0.0042
3.75	0.05	0.0026
3.8	-0.05	0.0029
3.8	0	0.0026
4.1	-0.05	0.0024
4.1	0	0.0025
4.15	-0.1	0.0022
4.15	-0.05	0.004
4.15	0	0.0045
4.15	0.05	0.0032
4.2	-0.1	0.0026
4.2	-0.05	0.0048
4.2	0	0.0055
4.2	0.05	0.0039
4.25	-0.1	0.0024
4.25	-0.05	0.0044
4.25	0	0.0048
4.25	0.05	0.0033
4.3	-0.05	0.003
4.3	0	0.003
4.9	-0.05	0.0035
4.9	0	0.0046
4.9	0.05	0.0037
4.95	-0.85	0.0023
4.95	-0.1	0.0021
4.95	-0.05	0.0054
4.95	0	0.0076
4.95	0.05	0.0066
4.95	0.1	0.0032
4.95	0.85	0.0022
4.95	0.9	0.0021
5	-0.85	0.0022
5	-0.05	0.0049
5	0	0.0074
5	0.05	0.0066
5	0.1	0.0034
5	0.85	0.0021
5	0.9	0.0021
5.05	0	0.0031
5.05	0.05	0.0031
5.15	-0.9	0.0024
5.15	-0.85	0.0031
5.15	-0.8	0.0023
5.15	-0.1	0.0028
5.15	-0.05	0.0077
5.15	0	0.0106
5.15	0.05	0.0088
5.15	0.1	0.0041
5.15	0.85	0.0031
5.15	0.9	0.0029
5.2	-0.95	0.0043
5.2	-0.9	0.0099
5.2	-0.85	0.0129
5.2	-0.8	0.0099
5.2	-0.75	0.0035
5.2	-0.25	0.0028
5.2	-0.2	0.0022
5.2	-0.1	0.0104
5.2	-0.05	0.0295
5.2	0	0.0438
5.2	0.05	0.0375
5.2	0.1	0.0176
5.2	0.15	0.0031
5.2	0.25	0.0025
5.2	0.8	0.0073
5.2	0.85	0.0125
5.2	0.9	0.012
5.2	0.95	0.0067
5.25	-0.95	0.0096
5.25	-0.9	0.0226
5.25	-0.85	0.0302
5.25	-0.8	0.0232
5.25	-0.75	0.0086
5.25	-0.6	0.0038
5.25	-0.45	0.0027
5.25	-0.4	0.0029
5.25	-0.25	0.0063
5.25	-0.2	0.0047
5.25	-0.15	0.003
5.25	-0.1	0.0225
5.25	-0.05	0.0672
5.25	0	0.0998
5.25	0.05	0.0879
5.25	0.1	0.0423
5.25	0.15	0.0074
5.25	0.25	0.006
5.25	0.3	0.0044
5.25	0.45	0.0034
5.25	0.6	0.0028
5.25	0.65	0.0038
5.25	0.75	0.0042
5.25	0.8	0.0164
5.25	0.85	0.0286
5.25	0.9	0.0276
5.25	0.95	0.0156
5.25	1	0.0043
5.3	-1	0.0026
5.3	-0.95	0.0155
5.3	-0.9	0.0376
5.3	-0.85	0.0502
5.3	-0.8	0.0391
5.3	-0.75	0.0146
5.3	-0.65	0.0032
5.3	-0.6	0.0064
5.3	-0.55	0.0024
5.3	-0.45	0.0044
5.3	-0.4	0.005
5.3	-0.3	0.0031
5.3	-0.25	0.0104
5.3	-0.2	0.0078
5.3	-0.15	0.0042
5.3	-0.1	0.0367
5.3	-0.05	0.1104
5.3	0	0.1676
5.3	0.05	0.1474
5.3	0.1	0.0727
5.3	0.15	0.0126
5.3	0.25	0.0098
5.3	0.3	0.0076
5.3	0.4	0.0024
5.3	0.45	0.0056
5.3	0.5	0.0026
5.3	0.6	0.0046
5.3	0.65	0.0062
5.3	0.7	0.0022
5.3	0.75	0.0062
5.3	0.8	0.0265
5.3	0.85	0.0469
5.3	0.9	0.0467
5.3	0.95	0.0268
5.3	1	0.0074
5.35	-1	0.003
5.35	-0.95	0.0201
5.35	-0.9	0.0493
5.35	-0.85	0.0668
5.35	-0.8	0.0522
5.35	-0.75	0.0199
5.35	-0.65	0.0041
5.35	-0.6	0.0084
5.35	-0.55	0.0033
5.35	-0.45	0.0058
5.35	-0.4	0.0066
5.35	-0.3	0.0038
5.35	-0.25	0.0136
5.35	-0.2	0.0102
5.35	-0.15	0.0047
5.35	-0.1	0.0457
5.35	-0.05	0.1439
5.35	0	0.2194
5.35	0.05	0.1969
5.35	0.1	0.0972
5.35	0.15	0.018
5.35	0.25	0.0129
5.35	0.3	0.0101
5.35	0.4	0.003
5.35	0.45	0.0075
5.35	0.5	0.0035
5.35	0.6	0.0059
5.35	0.65	0.0082
5.35	0.7	0.0028
5.35	0.75	0.0077
5.35	0.8	0.0341
5.35	0.85	0.0615
5.35	0.9	0.0613
5.35	0.95	0.0358
5.35	1	0.01
5.4	-1	0.0032
5.4	-0.95	0.0212
5.4	-0.9	0.0529
5.4	-0.85	0.072
5.4	-0.8	0.057
5.4	-0.75	0.0216
5.4	-0.65	0.0043
5.4	-0.6	0.0091
5.4	-0.55	0.0036
5.4	-0.45	0.006
5.4	-0.4	0.0072
5.4	-0.3	0.004
5.4	-0.25	0.0145
5.4	-0.2	0.011
5.4	-0.15	0.0042
5.4	-0.1	0.0485
5.4	-0.05	0.1533
5.4	0	0.238
5.4	0.05	0.2135
5.4	0.1	0.1073
5.4	0.15	0.0191
5.4	0.25	0.0135
5.4	0.3	0.0111
5.4	0.4	0.0031
5.4	0.45	0.0079
5.4	0.5	0.0038
5.4	0.6	0.0063
5.4	0.65	0.0088
5.4	0.7	0.0027
5.4	0.75	0.0075
5.4	0.8	0.0358
5.4	0.85	0.0656
5.4	0.9	0.0665
5.4	0.95	0.0389
5.4	1	0.0113
5.45	-1	0.0025
5.45	-0.95	0.0187
5.45	-0.9	0.0467
5.45	-0.85	0.0646
5.45	-0.8	0.0513
5.45	-0.75	0.02
5.45	-0.65	0.0037
5.45	-0.6	0.008
5.45	-0.55	0.0033
5.45	-0.45	0.0053
5.45	-0.4	0.0063
5.45	-0.3	0.0033
5.45	-0.25	0.0127
5.45	-0.2	0.0096
5.45	-0.15	0.0034
5.45	-0.1	0.0406
5.45	-0.05	0.1341
5.45	0	0.2094
5.45	0.05	0.1916
5.45	0.1	0.0966
5.45	0.15	0.0186
5.45	0.25	0.012
5.45	0.3	0.0098
5.45	0.4	0.0026
5.45	0.45	0.007
5.45	0.5	0.0034
5.45	0.6	0.0055
5.45	0.65	0.0078
5.45	0.7	0.0024
5.45	0.75	0.0061
5.45	0.8	0.0309
5.45	0.85	0.0576
5.45	0.9	0.0586
5.45	0.95	0.0349
5.45	1	0.0102
5.5	-0.95	0.0128
5.5	-0.9	0.0331
5.5	-0.85	0.046
5.5	-0.8	0.0372
5.5	-0.75	0.0147
5.5	-0.65	0.0024
5.5	-0.6	0.0058
5.5	-0.55	0.0024
5.5	-0.45	0.0036
5.5	-0.4	0.0046
5.5	-0.3	0.0023
5.5	-0.25	0.0089
5.5	-0.2	0.007
5.5	-0.1	0.0274
5.5	-0.05	0.0937
5.5	0	0.1493
5.5	0.05	0.1374
5.5	0.1	0.0717
5.5	0.15	0.0135
5.5	0.25	0.0081
5.5	0.3	0.0071
5.5	0.45	0.0049
5.5	0.5	0.0025
5.5	0.6	0.0038
5.5	0.65	0.0056
5.5	0.75	0.0039
5.5	0.8	0.0214
5.5	0.85	0.0408
5.5	0.9	0.0424
5.5	0.95	0.0256
5.5	1	0.0077
5.55	-0.95	0.0067
5.55	-0.9	0.0175
5.55	-0.85	0.0252
5.55	-0.8	0.0207
5.55	-0.75	0.0087
5.55	-0.6	0.0031
5.55	-0.4	0.0024
5.55	-0.25	0.0048
5.55	-0.2	0.0038
5.55	-0.1	0.0136
5.55	-0.05	0.0492
5.55	0	0.0801
5.55	0.05	0.0761
5.55	0.1	0.0408
5.55	0.15	0.0088
5.55	0.25	0.0042
5.55	0.3	0.0039
5.55	0.45	0.0026
5.55	0.65	0.003
5.55	0.8	0.0109
5.55	0.85	0.0217
5.55	0.9	0.0232
5.55	0.95	0.0145
5.55	1	0.0045
5.6	-0.95	0.002
5.6	-0.9	0.0059
5.6	-0.85	0.0087
5.6	-0.8	0.0076
5.6	-0.75	0.0035
5.6	-0.1	0.0042
5.6	-0.05	0.0158
5.6	0	0.0275
5.6	0.05	0.0279
5.6	0.1	0.0157
5.6	0.15	0.0039
5.6	0.8	0.0032
5.6	0.85	0.0073
5.6	0.9	0.0082
5.6	0.95	0.0054
5.65	0	0.0029
5.65	0.05	0.0039
5.65	0.1	0.003
5.7	-0.05	0.0023
5.7	0	0.0027
5.75	-0.9	0.0031
5.75	-0.85	0.0037
5.75	-0.8	0.0025
5.75	-0.1	0.0036
5.75	-0.05	0.0093
5.75	0	0.0125
5.75	0.05	0.0098
5.75	0.1	0.0041
5.75	0.8	0.0024
5.75	0.85	0.0037
5.75	0.9	0.0032
5.8	-0.95	0.002
5.8	-0.9	0.0045
5.8	-0.85	0.0056
5.8	-0.8	0.0039
5.8	-0.1	0.0048
5.8	-0.05	0.0135
5.8	0	0.0187
5.8	0.05	0.0152
5.8	0.1	0.0065
5.8	0.8	0.0033
5.8	0.85	0.0054
5.8	0.9	0.0049
5.8	0.95	0.0025
5.85	-0.9	0.0039
5.85	-0.85	0.0048
5.85	-0.8	0.0034
5.85	-0.1	0.0039
5.85	-0.05	0.0112
5.85	0	0.0161
5.85	0.05	0.0133
5.85	0.1	0.0058
5.85	0.8	0.0027
5.85	0.85	0.0045
5.85	0.9	0.0042
5.85	0.95	0.0022
5.9	-0.85	0.0024
5.9	-0.05	0.0056
5.9	0	0.008
5.9	0.05	0.0067
5.9	0.1	0.003
5.9	0.85	0.0022
5.9	0.9	0.0021
6.05	-0.05	0.0025
6.05	0	0.0035
6.05	0.05	0.0028
6.1	-0.05	0.0046
6.1	0	0.0065
6.1	0.05	0.0053
6.1	0.1	0.0023
6.15	-0.05	0.0046
6.15	0	0.0066
6.15	0.05	0.0054
6.15	0.1	0.0023
6.2	-0.05	0.0028
6.2	0	0.0039
6.2	0.05	0.0031
6.4	0	0.0021
6.4	0.05	0.0021
6.45	-0.05	0.0028
6.45	0	0.0046
6.45	0.05	0.0042
6.45	0.1	0.0021
6.5	-0.9	0.0024
6.5	-0.85	0.0031
6.5	-0.8	0.0023
6.5	-0.1	0.0023
6.5	-0.05	0.0071
6.5	0	0.0103
6.5	0.05	0.0088
6.5	0.1	0.004
6.5	0.85	0.0028
6.5	0.9	0.0027
6.55	-0.95	0.0023
6.55	-0.9	0.005
6.55	-0.85	0.0062
6.55	-0.8	0.0043
6.55	-0.1	0.0055
6.55	-0.05	0.0151
6.55	0	0.021
6.55	0.05	0.0168
6.55	0.1	0.0072
6.55	0.8	0.0037
6.55	0.85	0.006
6.55	0.9	0.0054
6.55	0.95	0.0028
6.6	-0.95	0.0039
6.6	-0.9	0.0084
6.6	-0.85	0.01
6.6	-0.8	0.0068
6.6	-0.75	0.002
6.6	-0.25	0.002
6.6	-0.1	0.0096
6.6	-0.05	0.0255
6.6	0	0.0344
6.6	0.05	0.0271
6.6	0.1	0.0111
6.6	0.25	0.0022
6.6	0.8	0.0064
6.6	0.85	0.01
6.6	0.9	0.0088
6.6	0.95	0.0044
6.65	-0.95	0.0052
6.65	-0.9	0.011
6.65	-0.85	0.0129
6.65	-0.8	0.0086
6.65	-0.75	0.0024
6.65	-0.25	0.0026
6.65	-0.1	0.0133
6.65	-0.05	0.034
6.65	0	0.0453
6.65	0.05	0.0348
6.65	0.1	0.0141
6.65	0.25	0.0029
6.65	0.75	0.0023
6.65	0.8	0.0085
6.65	0.85	0.0131
6.65	0.9	0.0115
6.65	0.95	0.0056
6.7	-0.95	0.0055
6.7	-0.9	0.0113
6.7	-0.85	0.0132
6.7	-0.8	0.0087
6.7	-0.75	0.0024
6.7	-0.25	0.0027
6.7	-0.1	0.0139
6.7	-0.05	0.0352
6.7	0	0.0461
6.7	0.05	0.0352
6.7	0.1	0.0138
6.7	0.25	0.0031
6.7	0.75	0.0025
6.7	0.8	0.0089
6.7	0.85	0.0135
6.7	0.9	0.0116
6.7	0.95	0.0056
6.75	-0.95	0.0044
6.75	-0.9	0.0089
6.75	-0.85	0.0101
6.75	-0.8	0.0065
6.75	-0.25	0.002
6.75	-0.1	0.0111
6.75	-0.05	0.0277
6.75	0	0.0358
6.75	0.05	0.0266
6.75	0.1	0.0103
6.75	0.25	0.0024
6.75	0.75	0.002
6.75	0.8	0.0071
6.75	0.85	0.0105
6.75	0.9	0.0089
6.75	0.95	0.0042
6.8	-0.95	0.0024
6.8	-0.9	0.0048
6.8	-0.85	0.0054
6.8	-0.8	0.0033
6.8	-0.1	0.0062
6.8	-0.05	0.015
6.8	0	0.019
6.8	0.05	0.0139
6.8	0.1	0.0051
6.8	0.8	0.0039
6.8	0.85	0.0057
6.8	0.9	0.0047
6.8	0.95	0.0021
6.85	-0.1	0.002
6.85	-0.05	0.0047
6.85	0	0.0057
6.85	0.05	0.004
6.9	-0.05	0.0025
6.9	0	0.0033
6.9	0.05	0.0025
6.95	-0.9	0.0027
6.95	-0.85	0.0033
6.95	-0.8	0.0023
6.95	-0.1	0.0032
6.95	-0.05	0.0084
6.95	0	0.0113
6.95	0.05	0.0089
6.95	0.1	0.0039
6.95	0.8	0.0021
6.95	0.85	0.0033
6.95	0.9	0.0029
7	-0.95	0.0026
7	-0.9	0.0053
7	-0.85	0.0063
7	-0.8	0.0043
7	-0.1	0.0064
7	-0.05	0.0162
7	0	0.0216
7	0.05	0.017
7	0.1	0.0071
7	0.8	0.0041
7	0.85	0.0063
7	0.9	0.0055
7	0.95	0.0028
7.05	-0.95	0.003
7.05	-0.9	0.0061
7.05	-0.85	0.0071
7.05	-0.8	0.0048
7.05	-0.1	0.0076
7.05	-0.05	0.0189
7.05	0	0.0247
7.05	0.05	0.019
7.05	0.1	0.0078
7.05	0.8	0.0048
7.05	0.85	0.0072
7.05	0.9	0.0062
7.05	0.95	0.0031
7.1	-0.95	0.0022
7.1	-0.9	0.0043
7.1	-0.85	0.0049
7.1	-0.8	0.0033
7.1	-0.1	0.0057
7.1	-0.05	0.0134
7.1	0	0.0173
7.1	0.05	0.0131
7.1	0.1	0.0053
7.1	0.8	0.0035
7.1	0.85	0.0051
7.1	0.9	0.0043
7.1	0.95	0.0021
7.15	-0.1	0.0021
7.15	-0.05	0.0045
7.15	0	0.0056
7.15	0.05	0.0042
7.25	-0.05	0.0048
7.25	0	0.0067
7.25	0.05	0.0053
7.25	0.1	0.0022
7.3	-0.95	0.0025
7.3	-0.9	0.0051
7.3	-0.85	0.006
7.3	-0.8	0.0041
7.3	-0.1	0.006
7.3	-0.05	0.0156
7.3	0	0.0209
7.3	0.05	0.0162
7.3	0.1	0.0065
7.3	0.8	0.0039
7.3	0.85	0.0061
7.3	0.9	0.0053
7.3	0.95	0.0026
7.35	-0.95	0.0037
7.35	-0.9	0.0075
7.35	-0.85	0.0087
7.35	-0.8	0.0058
7.35	-0.1	0.0093
7.35	-0.05	0.0234
7.35	0	0.0305
7.35	0.05	0.0233
7.35	0.1	0.0093
7.35	0.8	0.0059
7.35	0.85	0.009
7.35	0.9	0.0077
7.35	0.95	0.0038
7.4	-0.95	0.0032
7.4	-0.9	0.0065
7.4	-0.85	0.0074
7.4	-0.8	0.0048
7.4	-0.1	0.0084
7.4	-0.05	0.0202
7.4	0	0.0262
7.4	0.05	0.0196
7.4	0.1	0.0077
7.4	0.8	0.0052
7.4	0.85	0.0077
7.4	0.9	0.0065
7.4	0.95	0.0031
7.45	-0.9	0.0026
7.45	-0.85	0.0029
7.45	-0.1	0.0036
7.45	-0.05	0.0083
7.45	0	0.0103
7.45	0.05	0.0077
7.45	0.1	0.0029
7.45	0.8	0.0022
7.45	0.85	0.0031
7.45	0.9	0.0025
7.55	-0.9	0.0041
7.55	-0.85	0.005
7.55	-0.8	0.0033
7.55	-0.1	0.0047
7.55	-0.05	0.0126
7.55	0	0.0171
7.55	0.05	0.0135
7.55	0.1	0.0055
7.55	0.8	0.003
7.55	0.85	0.0048
7.55	0.9	0.0043
7.55	0.95	0.0022
7.6	-0.95	0.0087
7.6	-0.9	0.0177
7.6	-0.85	0.0206
7.6	-0.8	0.0136
7.6	-0.75	0.0039
7.6	-0.6	0.0022
7.6	-0.45	0.0021
7.6	-0.3	0.0021
7.6	-0.25	0.0042
7.6	-0.15	0.0021
7.6	-0.1	0.0219
7.6	-0.05	0.0544
7.6	0	0.0719
7.6	0.05	0.0545
7.6	0.1	0.0219
7.6	0.15	0.0023
7.6	0.25	0.004
7.6	0.45	0.0021
7.6	0.6	0.0023
7.6	0.75	0.0038
7.6	0.8	0.0139
7.6	0.85	0.0208
7.6	0.9	0.018
7.6	0.95	0.0088
7.65	-1	0.0039
7.65	-0.95	0.0188
7.65	-0.9	0.0382
7.65	-0.85	0.044
7.65	-0.8	0.0289
7.65	-0.75	0.0081
7.65	-0.65	0.0038
7.65	-0.6	0.0046
7.65	-0.45	0.0045
7.65	-0.4	0.0029
7.65	-0.3	0.0047
7.65	-0.25	0.0091
7.65	-0.2	0.0029
7.65	-0.15	0.0055
7.65	-0.1	0.0484
7.65	-0.05	0.1188
7.65	0	0.1535
7.65	0.05	0.117
7.65	0.1	0.046
7.65	0.15	0.0045
7.65	0.2	0.0028
7.65	0.25	0.0086
7.65	0.3	0.004
7.65	0.4	0.0033
7.65	0.45	0.0044
7.65	0.6	0.0051
7.65	0.65	0.004
7.65	0.75	0.0087
7.65	0.8	0.0303
7.65	0.85	0.0454
7.65	0.9	0.0383
7.65	0.95	0.0188
7.65	1	0.0037
7.7	-1	0.0065
7.7	-0.95	0.0292
7.7	-0.9	0.0589
7.7	-0.85	0.067
7.7	-0.8	0.0434
7.7	-0.75	0.0117
7.7	-0.65	0.0057
7.7	-0.6	0.0068
7.7	-0.45	0.0067
7.7	-0.4	0.0044
7.7	-0.3	0.0074
7.7	-0.25	0.0137
7.7	-0.2	0.0041
7.7	-0.15	0.0086
7.7	-0.1	0.0766
7.7	-0.05	0.1848
7.7	0	0.2377
7.7	0.05	0.1778
7.7	0.1	0.0704
7.7	0.15	0.0068
7.7	0.2	0.0044
7.7	0.25	0.0129
7.7	0.3	0.006
7.7	0.4	0.0051
7.7	0.45	0.0065
7.7	0.6	0.0079
7.7	0.65	0.0059
7.7	0.75	0.0138
7.7	0.8	0.0471
7.7	0.85	0.0694
7.7	0.9	0.0589
7.7	0.95	0.028
7.7	1	0.0057
7.75	-1	0.0078
7.75	-0.95	0.036
7.75	-0.9	0.0713
7.75	-0.85	0.0811
7.75	-0.8	0.0522
7.75	-0.75	0.014
7.75	-0.65	0.007
7.75	-0.6	0.0081
7.75	-0.5	0.0021
7.75	-0.45	0.0082
7.75	-0.4	0.0051
7.75	-0.3	0.009
7.75	-0.25	0.0165
7.75	-0.2	0.0047
7.75	-0.15	0.0115
7.75	-0.1	0.0938
7.75	-0.05	0.2249
7.75	0	0.2854
7.75	0.05	0.2136
7.75	0.1	0.0824
7.75	0.15	0.0081
7.75	0.2	0.0055
7.75	0.25	0.0157
7.75	0.3	0.007
7.75	0.4	0.0061
7.75	0.45	0.0079
7.75	0.55	0.0023
7.75	0.6	0.0096
7.75	0.65	0.007
7.75	0.75	0.0176
7.75	0.8	0.058
7.75	0.85	0.0846
7.75	0.9	0.0707
7.75	0.95	0.0337
7.75	1	0.0065
7.8	-1	0.0085
7.8	-0.95	0.0362
7.8	-0.9	0.0712
7.8	-0.85	0.0799
7.8	-0.8	0.0511
7.8	-0.75	0.0133
7.8	-0.65	0.0069
7.8	-0.6	0.008
7.8	-0.5	0.0022
7.8	-0.45	0.0079
7.8	-0.4	0.0049
7.8	-0.3	0.0091
7.8	-0.25	0.016
7.8	-0.2	0.0043
7.8	-0.15	0.0118
7.8	-0.1	0.0953
7.8	-0.05	0.2246
7.8	0	0.2849
7.8	0.05	0.2092
7.8	0.1	0.0809
7.8	0.15	0.007
7.8	0.2	0.0056
7.8	0.25	0.0152
7.8	0.3	0.0069
7.8	0.4	0.0061
7.8	0.45	0.0075
7.8	0.55	0.0023
7.8	0.6	0.0095
7.8	0.65	0.0067
7.8	0.75	0.018
7.8	0.8	0.0584
7.8	0.85	0.0842
7.8	0.9	0.0703
7.8	0.95	0.033
7.8	1	0.0065
7.85	-1	0.0069
7.85	-0.95	0.0301
7.85	-0.9	0.0583
7.85	-0.85	0.0654
7.85	-0.8	0.0414
7.85	-0.75	0.0108
7.85	-0.65	0.0059
7.85	-0.6	0.0065
7.85	-0.45	0.0066
7.85	-0.4	0.0039
7.85	-0.3	0.0076
7.85	-0.25	0.0131
7.85	-0.2	0.0035
7.85	-0.15	0.0109
7.85	-0.1	0.0799
7.85	-0.05	0.1859
7.85	0	0.2318
7.85	0.05	0.1703
7.85	0.1	0.0641
7.85	0.15	0.0058
7.85	0.2	0.0048
7.85	0.25	0.0128
7.85	0.3	0.0055
7.85	0.4	0.005
7.85	0.45	0.0062
7.85	0.55	0.0021
7.85	0.6	0.0078
7.85	0.65	0.0054
7.85	0.75	0.0153
7.85	0.8	0.0488
7.85	0.85	0.0697
7.85	0.9	0.0572
7.85	0.95	0.0267
7.85	1	0.0049
7.9	-1	0.0049
7.9	-0.95	0.0204
7.9	-0.9	0.0392
7.9	-0.85	0.0431
7.9	-0.8	0.027
7.9	-0.75	0.0066
7.9	-0.65	0.004
7.9	-0.6	0.0043
7.9	-0.45	0.0043
7.9	-0.4	0.0026
7.9	-0.3	0.0052
7.9	-0.25	0.0086
7.9	-0.2	0.002
7.9	-0.15	0.0078
7.9	-0.1	0.0557
7.9	-0.05	0.1257
7.9	0	0.1558
7.9	0.05	0.1131
7.9	0.1	0.042
7.9	0.15	0.0032
7.9	0.2	0.0034
7.9	0.25	0.0085
7.9	0.3	0.0036
7.9	0.4	0.0034
7.9	0.45	0.004
7.9	0.6	0.0052
7.9	0.65	0.0034
7.9	0.75	0.0107
7.9	0.8	0.0329
7.9	0.85	0.0467
7.9	0.9	0.0382
7.9	0.95	0.0174
7.9	1	0.0033
7.95	-1	0.0027
7.95	-0.95	0.0109
7.95	-0.9	0.0203
7.95	-0.85	0.0223
7.95	-0.8	0.0135
7.95	-0.75	0.0032
7.95	-0.65	0.0022
7.95	-0.6	0.0023
7.95	-0.45	0.0022
7.95	-0.3	0.0028
7.95	-0.25	0.0044
7.95	-0.15	0.0046
7.95	-0.1	0.0297
7.95	-0.05	0.0663
7.95	0	0.0801
7.95	0.05	0.0571
7.95	0.1	0.0207
7.95	0.25	0.0046
7.95	0.45	0.0021
7.95	0.6	0.0027
7.95	0.75	0.0061
7.95	0.8	0.0177
7.95	0.85	0.0244
7.95	0.9	0.0197
7.95	0.95	0.0089
8	-0.95	0.004
8	-0.9	0.0073
8	-0.85	0.0077
8	-0.8	0.0045
8	-0.1	0.0112
8	-0.05	0.0242
8	0	0.0286
8	0.05	0.0196
8	0.1	0.0068
8	0.75	0.0024
8	0.8	0.0065
8	0.85	0.0088
8	0.9	0.0069
8	0.95	0.0031
8.05	-0.1	0.0022
8.05	-0.05	0.0044
8.05	0	0.0048
8.05	0.05	0.0031
8.15	-0.05	0.0049
8.15	0	0.0064
8.15	0.05	0.005
8.15	0.1	0.0022
8.2	-0.9	0.0024
8.2	-0.85	0.0028
8.2	-0.1	0.0033
8.2	-0.05	0.0077
8.2	0	0.0098
8.2	0.05	0.0073
8.2	0.1	0.003
8.2	0.85	0.0029
8.2	0.9	0.0024
8.25	-0.9	0.0022
8.25	-0.85	0.0024
8.25	-0.1	0.0032
8.25	-0.05	0.0071
8.25	0	0.0087
8.25	0.05	0.0064
8.25	0.1	0.0025
8.25	0.85	0.0026
8.25	0.9	0.0021
8.3	-0.05	0.0042
8.3	0	0.005
8.3	0.05	0.0036
-9.1	-0.15	0.003
-9.1	-0.1	0.0062
-9.1	-0.05	0.0072
-9.1	0	0.0051
-9.1	0.05	0.002
-9.05	-0.95	0.002
-9.05	-0.15	0.004
-9.05	-0.1	0.0079
-9.05	-0.05	0.0086
-9.05	0	0.0054
-9	-0.95	0.0021
-9	-0.15	0.0044
-9	-0.1	0.0083
-9	-0.05	0.0085
-9	0	0.0047
-8.95	-0.15	0.004
-8.95	-0.1	0.0071
-8.95	-0.05	0.007
-8.95	0	0.0036
-8.95	0.75	0.0024
-8.95	0.8	0.0027
-8.9	-0.15	0.003
-8.9	-0.1	0.0052
-8.9	-0.05	0.0048
-8.9	0	0.0024
-8.85	-0.1	0.0031
-8.85	-0.05	0.0028
-7.9	-0.05	0.0021
-7.9	0	0.0033
-7.9	0.05	0.003
-7.85	-0.85	0.0022
-7.85	-0.05	0.0052
-7.85	0	0.0073
-7.85	0.05	0.006
-7.85	0.1	0.0026
-7.85	0.85	0.0021
-7.8	-0.9	0.0032
-7.8	-0.85	0.0038
-7.8	-0.8	0.0026
-7.8	-0.1	0.0039
-7.8	-0.05	0.0099
-7.8	0	0.0135
-7.8	0.05	0.0105
-7.8	0.1	0.0043
-7.8	0.8	0.0025
-7.8	0.85	0.0039
-7.8	0.9	0.0034
-7.75	-0.95	0.0022
-7.75	-0.9	0.0047
-7.75	-0.85	0.0055
-7.75	-0.8	0.0037
-7.75	-0.1	0.0056
-7.75	-0.05	0.0146
-7.75	0	0.0193
-7.75	0.05	0.0149
-7.75	0.1	0.0059
-7.75	0.8	0.0037
-7.75	0.85	0.0057
-7.75	0.9	0.0049
-7.75	0.95	0.0024
-7.7	-0.95	0.0025
-7.7	-0.9	0.0053
-7.7	-0.85	0.0062
-7.7	-0.8	0.0041
-7.7	-0.1	0.0065
-7.7	-0.05	0.0165
-7.7	0	0.0219
-7.7	0.05	0.0166
-7.7	0.1	0.0066
-7.7	0.8	0.0041
-7.7	0.85	0.0064
-7.7	0.9	0.0055
-7.7	0.95	0.0027
-7.65	-0.95	0.0022
-7.65	-0.9	0.0045
-7.65	-0.85	0.0053
-7.65	-0.8	0.0034
-7.65	-0.1	0.0054
-7.65	-0.05	0.014
-7.65	0	0.0184
-7.65	0.05	0.0141
-7.65	0.1	0.0055
-7.65	0.8	0.0035
-7.65	0.85	0.0054
-7.65	0.9	0.0047
-7.65	0.95	0.0022
-7.6	-0.9	0.0026
-7.6	-0.85	0.0031
-7.6	-0.8	0.002
-7.6	-0.1	0.0031
-7.6	-0.05	0.0081
-7.6	0	0.0109
-7.6	0.05	0.0082
-7.6	0.1	0.0032
-7.6	0.8	0.0021
-7.6	0.85	0.0032
-7.6	0.9	0.0027
-7.55	-0.05	0.0027
-7.55	0	0.0036
-7.55	0.05	0.0026
-7.45	-0.85	0.002
-7.45	-0.1	0.0023
-7.45	-0.05	0.0056
-7.45	0	0.0071
-7.45	0.05	0.0055
-7.45	0.1	0.0022
-7.45	0.85	0.0021
-7.4	-0.9	0.0037
-7.4	-0.85	0.0043
-7.4	-0.8	0.0029
-7.4	-0.1	0.0047
-7.4	-0.05	0.0116
-7.4	0	0.0153
-7.4	0.05	0.0117
-7.4	0.1	0.0049
-7.4	0.8	0.003
-7.4	0.85	0.0044
-7.4	0.9	0.0038
-7.35	-0.95	0.0023
-7.35	-0.9	0.0047
-7.35	-0.85	0.0055
-7.35	-0.8	0.0037
-7.35	-0.1	0.0057
-7.35	-0.05	0.0145
-7.35	0	0.0191
-7.35	0.05	0.0149
-7.35	0.1	0.0061
-7.35	0.8	0.0037
-7.35	0.85	0.0056
-7.35	0.9	0.0048
-7.35	0.95	0.0024
-7.3	-0.9	0.0036
-7.3	-0.85	0.0043
-7.3	-0.8	0.0029
-7.3	-0.1	0.0043
-7.3	-0.05	0.0112
-7.3	0	0.0149
-7.3	0.05	0.0115
-7.3	0.1	0.0049
-7.3	0.8	0.0028
-7.3	0.85	0.0043
-7.3	0.9	0.0038
-7.25	-0.05	0.0042
-7.25	0	0.0056
-7.25	0.05	0.0045
-7.15	-0.05	0.0044
-7.15	0	0.0055
-7.15	0.05	0.0042
-7.1	-0.95	0.0024
-7.1	-0.9	0.0049
-7.1	-0.85	0.0057
-7.1	-0.8	0.0038
-7.1	-0.1	0.0061
-7.1	-0.05	0.0153
-7.1	0	0.02
-7.1	0.05	0.0153
-7.1	0.1	0.0062
-7.1	0.8	0.0039
-7.1	0.85	0.0059
-7.1	0.9	0.0051
-7.1	0.95	0.0025
-7.05	-0.95	0.0038
-7.05	-0.9	0.0079
-7.05	-0.85	0.0093
-7.05	-0.8	0.0062
-7.05	-0.1	0.0097
-7.05	-0.05	0.0244
-7.05	0	0.0323
-7.05	0.05	0.0249
-7.05	0.1	0.0101
-7.05	0.8	0.0062
-7.05	0.85	0.0094
-7.05	0.9	0.0082
-7.05	0.95	0.004
-7	-0.95	0.0035
-7	-0.9	0.0073
-7	-0.85	0.0086
-7	-0.8	0.0058
-7	-0.1	0.0091
-7	-0.05	0.0228
-7	0	0.03
-7	0.05	0.0232
-7	0.1	0.0095
-7	0.8	0.0057
-7	0.85	0.0088
-7	0.9	0.0076
-7	0.95	0.0038
-6.95	-0.9	0.0033
-6.95	-0.85	0.0038
-6.95	-0.8	0.0026
-6.95	-0.1	0.004
-6.95	-0.05	0.01
-6.95	0	0.0133
-6.95	0.05	0.0104
-6.95	0.1	0.0043
-6.95	0.8	0.0025
-6.95	0.85	0.0038
-6.95	0.9	0.0033
-6.85	-0.95	0.0023
-6.85	-0.9	0.0049
-6.85	-0.85	0.0058
-6.85	-0.8	0.0039
-6.85	-0.1	0.0059
-6.85	-0.05	0.0157
-6.85	0	0.0206
-6.85	0.05	0.0159
-6.85	0.1	0.0064
-6.85	0.8	0.0038
-6.85	0.85	0.0059
-6.85	0.9	0.0053
-6.85	0.95	0.0026
-6.8	-1	0.0021
-6.8	-0.95	0.011
-6.8	-0.9	0.0231
-6.8	-0.85	0.0274
-6.8	-0.8	0.0187
-6.8	-0.75	0.0052
-6.8	-0.65	0.0023
-6.8	-0.6	0.0031
-6.8	-0.45	0.0028
-6.8	-0.4	0.002
-6.8	-0.3	0.0027
-6.8	-0.25	0.0058
-6.8	-0.2	0.002
-6.8	-0.15	0.0026
-6.8	-0.1	0.0277
-6.8	-0.05	0.0722
-6.8	0	0.0961
-6.8	0.05	0.0743
-6.8	0.1	0.0302
-6.8	0.15	0.0034
-6.8	0.25	0.0055
-6.8	0.3	0.0028
-6.8	0.45	0.0028
-6.8	0.6	0.0031
-6.8	0.65	0.0026
-6.8	0.75	0.0049
-6.8	0.8	0.018
-6.8	0.85	0.028
-6.8	0.9	0.0245
-6.8	0.95	0.0122
-6.8	1	0.0025
-6.75	-1	0.0052
-6.75	-0.95	0.0254
-6.75	-0.9	0.0539
-6.75	-0.85	0.0638
-6.75	-0.8	0.0434
-6.75	-0.75	0.0128
-6.75	-0.65	0.0052
-6.75	-0.6	0.0069
-6.75	-0.45	0.0062
-6.75	-0.4	0.0045
-6.75	-0.3	0.0061
-6.75	-0.25	0.0129
-6.75	-0.2	0.0047
-6.75	-0.15	0.0052
-6.75	-0.1	0.0643
-6.75	-0.05	0.1654
-6.75	0	0.2229
-6.75	0.05	0.1737
-6.75	0.1	0.0706
-6.75	0.15	0.0076
-6.75	0.2	0.0033
-6.75	0.25	0.0124
-6.75	0.3	0.0066
-6.75	0.4	0.0044
-6.75	0.45	0.0064
-6.75	0.6	0.0071
-6.75	0.65	0.0059
-6.75	0.75	0.0107
-6.75	0.8	0.0416
-6.75	0.85	0.0647
-6.75	0.9	0.0565
-6.75	0.95	0.0281
-6.75	1	0.0063
-6.7	-1.1	0.0021
-6.7	-1	0.0081
-6.7	-0.95	0.042
-6.7	-0.9	0.0881
-6.7	-0.85	0.1047
-6.7	-0.8	0.0712
-6.7	-0.75	0.0209
-6.7	-0.65	0.0084
-6.7	-0.6	0.0114
-6.7	-0.55	0.0024
-6.7	-0.5	0.002
-6.7	-0.45	0.0102
-6.7	-0.4	0.0074
-6.7	-0.3	0.01
-6.7	-0.25	0.0215
-6.7	-0.2	0.0073
-6.7	-0.15	0.01
-6.7	-0.1	0.1055
-6.7	-0.05	0.2737
-6.7	0	0.3641
-6.7	0.05	0.2849
-6.7	0.1	0.1173
-6.7	0.15	0.0124
-6.7	0.2	0.0057
-6.7	0.25	0.0204
-6.7	0.3	0.0106
-6.7	0.4	0.007
-6.7	0.45	0.0105
-6.7	0.5	0.0023
-6.7	0.55	0.0021
-6.7	0.6	0.0114
-6.7	0.65	0.0098
-6.7	0.75	0.0183
-6.7	0.8	0.068
-6.7	0.85	0.1059
-6.7	0.9	0.0922
-6.7	0.95	0.0461
-6.7	1	0.0099
-6.65	-1.15	0.0024
-6.65	-1.1	0.0028
-6.65	-1	0.0109
-6.65	-0.95	0.0543
-6.65	-0.9	0.1143
-6.65	-0.85	0.1351
-6.65	-0.8	0.0915
-6.65	-0.75	0.0269
-6.65	-0.65	0.0106
-6.65	-0.6	0.0144
-6.65	-0.55	0.0029
-6.65	-0.5	0.0025
-6.65	-0.45	0.0127
-6.65	-0.4	0.0095
-6.65	-0.3	0.0128
-6.65	-0.25	0.027
-6.65	-0.2	0.0093
-6.65	-0.15	0.0116
-6.65	-0.1	0.1371
-6.65	-0.05	0.3513
-6.65	0	0.4718
-6.65	0.05	0.3673
-6.65	0.1	0.1531
-6.65	0.15	0.0171
-6.65	0.2	0.0069
-6.65	0.25	0.0261
-6.65	0.3	0.0136
-6.65	0.4	0.0089
-6.65	0.45	0.0132
-6.65	0.5	0.003
-6.65	0.55	0.0024
-6.65	0.6	0.0147
-6.65	0.65	0.0122
-6.65	0.75	0.0229
-6.65	0.8	0.0877
-6.65	0.85	0.1351
-6.65	0.9	0.1191
-6.65	0.95	0.0594
-6.65	1	0.0129
-6.65	1.1	0.0026
-6.65	1.15	0.0025
-6.6	-1.15	0.0025
-6.6	-1.1	0.0028
-6.6	-1	0.0111
-6.6	-0.95	0.0573
-6.6	-0.9	0.1199
-6.6	-0.85	0.1429
-6.6	-0.8	0.0972
-6.6	-0.75	0.0288
-6.6	-0.65	0.0112
-6.6	-0.6	0.0153
-6.6	-0.55	0.0033
-6.6	-0.5	0.0026
-6.6	-0.45	0.0136
-6.6	-0.4	0.0098
-6.6	-0.3	0.0133
-6.6	-0.25	0.0286
-6.6	-0.2	0.0096
-6.6	-0.15	0.0131
-6.6	-0.1	0.1432
-6.6	-0.05	0.371
-6.6	0	0.4926
-6.6	0.05	0.3861
-6.6	0.1	0.1591
-6.6	0.15	0.0181
-6.6	0.2	0.0075
-6.6	0.25	0.0273
-6.6	0.3	0.0144
-6.6	0.4	0.0092
-6.6	0.45	0.014
-6.6	0.5	0.0031
-6.6	0.55	0.0028
-6.6	0.6	0.0154
-6.6	0.65	0.0129
-6.6	0.75	0.025
-6.6	0.8	0.0924
-6.6	0.85	0.1433
-6.6	0.9	0.1249
-6.6	0.95	0.0626
-6.6	1	0.0134
-6.6	1.1	0.0026
-6.6	1.15	0.0026
-6.55	-1.15	0.0022
-6.55	-1.1	0.0025
-6.55	-1	0.0101
-6.55	-0.95	0.0498
-6.55	-0.9	0.1047
-6.55	-0.85	0.1241
-6.55	-0.8	0.0845
-6.55	-0.75	0.0249
-6.55	-0.65	0.0097
-6.55	-0.6	0.0133
-6.55	-0.55	0.0027
-6.55	-0.5	0.0022
-6.55	-0.45	0.0114
-6.55	-0.4	0.0085
-6.55	-0.3	0.0116
-6.55	-0.25	0.0241
-6.55	-0.2	0.0081
-6.55	-0.15	0.0109
-6.55	-0.1	0.1252
-6.55	-0.05	0.3213
-6.55	0	0.4308
-6.55	0.05	0.3346
-6.55	0.1	0.1396
-6.55	0.15	0.0156
-6.55	0.2	0.0062
-6.55	0.25	0.0235
-6.55	0.3	0.0126
-6.55	0.4	0.0079
-6.55	0.45	0.0118
-6.55	0.5	0.0027
-6.55	0.55	0.0022
-6.55	0.6	0.0132
-6.55	0.65	0.0109
-6.55	0.75	0.0214
-6.55	0.8	0.0805
-6.55	0.85	0.124
-6.55	0.9	0.1089
-6.55	0.95	0.0543
-6.55	1	0.0121
-6.55	1.1	0.0023
-6.55	1.15	0.0023
-6.5	-1	0.0068
-6.5	-0.95	0.0355
-6.5	-0.9	0.0736
-6.5	-0.85	0.0874
-6.5	-0.8	0.0596
-6.5	-0.75	0.0179
-6.5	-0.65	0.0068
-6.5	-0.6	0.0093
-6.5	-0.55	0.002
-6.5	-0.45	0.0081
-6.5	-0.4	0.0058
-6.5	-0.3	0.008
-6.5	-0.25	0.017
-6.5	-0.2	0.0054
-6.5	-0.15	0.0092
-6.5	-0.1	0.0888
-6.5	-0.05	0.2281
-6.5	0	0.302
-6.5	0.05	0.2368
-6.5	0.1	0.0974
-6.5	0.15	0.0113
-6.5	0.2	0.0046
-6.5	0.25	0.0167
-6.5	0.3	0.0088
-6.5	0.4	0.0054
-6.5	0.45	0.0083
-6.5	0.6	0.0092
-6.5	0.65	0.0076
-6.5	0.75	0.0152
-6.5	0.8	0.0568
-6.5	0.85	0.0876
-6.5	0.9	0.076
-6.5	0.95	0.0381
-6.5	1	0.0082
-6.45	-1	0.004
-6.45	-0.95	0.0193
-6.45	-0.9	0.0401
-6.45	-0.85	0.0473
-6.45	-0.8	0.0321
-6.45	-0.75	0.0095
-6.45	-0.65	0.0036
-6.45	-0.6	0.0051
-6.45	-0.45	0.0041
-6.45	-0.4	0.0031
-6.45	-0.3	0.0043
-6.45	-0.25	0.0088
-6.45	-0.2	0.0028
-6.45	-0.15	0.0047
-6.45	-0.1	0.0485
-6.45	-0.05	0.1237
-6.45	0	0.1649
-6.45	0.05	0.1284
-6.45	0.1	0.0538
-6.45	0.15	0.006
-6.45	0.2	0.0024
-6.45	0.25	0.0089
-6.45	0.3	0.0048
-6.45	0.4	0.0028
-6.45	0.45	0.0043
-6.45	0.6	0.0048
-6.45	0.65	0.0039
-6.45	0.75	0.0085
-6.45	0.8	0.0307
-6.45	0.85	0.0472
-6.45	0.9	0.0414
-6.45	0.95	0.0205
-6.45	1	0.0046
-6.4	-0.95	0.0071
-6.4	-0.9	0.0144
-6.4	-0.85	0.0171
-6.4	-0.8	0.0116
-6.4	-0.75	0.0035
-6.4	-0.25	0.0031
-6.4	-0.1	0.0177
-6.4	-0.05	0.0449
-6.4	0	0.0587
-6.4	0.05	0.0458
-6.4	0.1	0.0188
-6.4	0.15	0.0024
-6.4	0.25	0.0032
-6.4	0.75	0.0032
-6.4	0.8	0.0111
-6.4	0.85	0.017
-6.4	0.9	0.0149
-6.4	0.95	0.0074
-6.35	-0.85	0.0023
-6.35	-0.1	0.0026
-6.35	-0.05	0.0061
-6.35	0	0.0078
-6.35	0.05	0.0062
-6.35	0.1	0.0025
-6.35	0.85	0.0022
-6.3	0	0.002
-6.25	-0.9	0.0039
-6.25	-0.85	0.0046
-6.25	-0.8	0.0031
-6.25	-0.1	0.0048
-6.25	-0.05	0.0122
-6.25	0	0.0164
-6.25	0.05	0.0128
-6.25	0.1	0.0054
-6.25	0.8	0.003
-6.25	0.85	0.0047
-6.25	0.9	0.0042
-6.25	0.95	0.002
-6.2	-0.95	0.0031
-6.2	-0.9	0.0065
-6.2	-0.85	0.0077
-6.2	-0.8	0.0051
-6.2	-0.1	0.0081
-6.2	-0.05	0.0206
-6.2	0	0.0271
-6.2	0.05	0.021
-6.2	0.1	0.0085
-6.2	0.8	0.0052
-6.2	0.85	0.0079
-6.2	0.9	0.0068
-6.2	0.95	0.0034
-6.15	-0.95	0.0029
-6.15	-0.9	0.006
-6.15	-0.85	0.007
-6.15	-0.8	0.0047
-6.15	-0.1	0.0078
-6.15	-0.05	0.0192
-6.15	0	0.025
-6.15	0.05	0.0191
-6.15	0.1	0.0078
-6.15	0.8	0.0048
-6.15	0.85	0.0073
-6.15	0.9	0.0062
-6.15	0.95	0.003
-6.1	-0.9	0.0034
-6.1	-0.85	0.0039
-6.1	-0.8	0.0026
-6.1	-0.1	0.0046
-6.1	-0.05	0.0109
-6.1	0	0.014
-6.1	0.05	0.0105
-6.1	0.1	0.0041
-6.1	0.8	0.0028
-6.1	0.85	0.0041
-6.1	0.9	0.0035
-6.05	-0.05	0.0032
-6.05	0	0.0038
-6.05	0.05	0.0027
-5.9	-0.05	0.0036
-5.9	0	0.0047
-5.9	0.05	0.0036
-5.85	-0.05	0.0041
-5.85	0	0.0051
-5.85	0.05	0.0038
-5.8	-0.05	0.0028
-5.8	0	0.0032
-5.8	0.05	0.0022
-5.55	-0.05	0.002
-5.55	0	0.0028
-5.55	0.05	0.0024
-5.5	-0.85	0.0021
-5.5	-0.1	0.0021
-5.5	-0.05	0.0051
-5.5	0	0.0069
-5.5	0.05	0.0056
-5.5	0.1	0.0024
-5.45	-0.9	0.0035
-5.45	-0.85	0.0042
-5.45	-0.8	0.0028
-5.45	-0.1	0.0041
-5.45	-0.05	0.0105
-5.45	0	0.0139
-5.45	0.05	0.0109
-5.45	0.1	0.0046
-5.45	0.8	0.0024
-5.45	0.85	0.0038
-5.45	0.9	0.0033
-5.4	-0.95	0.0028
-5.4	-0.9	0.0056
-5.4	-0.85	0.0065
-5.4	-0.8	0.0043
-5.4	-0.1	0.0068
-5.4	-0.05	0.0166
-5.4	0	0.0219
-5.4	0.05	0.0169
-5.4	0.1	0.007
-5.4	0.8	0.0039
-5.4	0.85	0.0059
-5.4	0.9	0.0052
-5.4	0.95	0.0026
-5.35	-0.95	0.0035
-5.35	-0.9	0.0069
-5.35	-0.85	0.008
-5.35	-0.8	0.0052
-5.35	-0.1	0.0086
-5.35	-0.05	0.0208
-5.35	0	0.0267
-5.35	0.05	0.0204
-5.35	0.1	0.0081
-5.35	0.8	0.005
-5.35	0.85	0.0074
-5.35	0.9	0.0063
-5.35	0.95	0.0031
-5.3	-0.95	0.0035
-5.3	-0.9	0.0068
-5.3	-0.85	0.0076
-5.3	-0.8	0.0048
-5.3	-0.1	0.0089
-5.3	-0.05	0.0205
-5.3	0	0.0259
-5.3	0.05	0.0191
-5.3	0.1	0.0074
-5.3	0.8	0.005
-5.3	0.85	0.0072
-5.3	0.9	0.006
-5.3	0.95	0.0028
-5.25	-0.95	0.0027
-5.25	-0.9	0.005
-5.25	-0.85	0.0054
-5.25	-0.8	0.0033
-5.25	-0.1	0.0071
-5.25	-0.05	0.0156
-5.25	0	0.0188
-5.25	0.05	0.0134
-5.25	0.1	0.0048
-5.25	0.8	0.0039
-5.25	0.85	0.0054
-5.25	0.9	0.0043
-5.2	-0.9	0.0027
-5.2	-0.85	0.0027
-5.2	-0.1	0.0042
-5.2	-0.05	0.0085
-5.2	0	0.0097
-5.2	0.05	0.0063
-5.2	0.1	0.0021
-5.2	0.8	0.0022
-5.2	0.85	0.0028
-5.2	0.9	0.0021
-5.15	-0.05	0.0028
-5.15	0	0.0028
-5.05	0	0.003
-5.05	0.05	0.0027
-5	-0.05	0.0042
-5	0	0.0057
-5	0.05	0.0046
-4.95	-0.1	0.0023
-4.95	-0.05	0.005
-4.95	0	0.0061
-4.95	0.05	0.0045
-4.9	-0.1	0.0021
-4.9	-0.05	0.0037
-4.9	0	0.004
-4.9	0.05	0.0026
-4.7	0	0.0022
-4.65	-0.05	0.0023
-4.65	0	0.0028
-4.6	-0.05	0.0022
-4.6	0	0.0021
-4.4	-0.15	0.0023
-4.35	-0.2	0.0029
-4.35	-0.15	0.0056
-4.35	-0.1	0.005
-4.35	0.1	0.0032
-4.35	0.15	0.0024
-4.35	0.75	0.0021
-4.3	-1	0.0025
-4.3	-0.95	0.002
-4.3	-0.75	0.0027
-4.3	-0.2	0.0048
-4.3	-0.15	0.0099
-4.3	-0.1	0.0094
-4.3	-0.05	0.0039
-4.3	0.05	0.0032
-4.3	0.1	0.0061
-4.3	0.15	0.0046
-4.3	0.7	0.0031
-4.3	0.75	0.0037
-4.3	0.8	0.0021
-4.25	-1	0.0035
-4.25	-0.95	0.0031
-4.25	-0.8	0.0037
-4.25	-0.75	0.0044
-4.25	-0.7	0.0022
-4.25	-0.35	0.0024
-4.25	-0.2	0.0066
-4.25	-0.15	0.0138
-4.25	-0.1	0.0134
-4.25	-0.05	0.0067
-4.25	0	0.0035
-4.25	0.05	0.0073
-4.25	0.1	0.0104
-4.25	0.15	0.007
-4.25	0.7	0.0043
-4.25	0.75	0.0051
-4.25	0.8	0.0029
-4.2	-1.05	0.0022
-4.2	-1	0.004
-4.2	-0.95	0.0039
-4.2	-0.9	0.0028
-4.2	-0.85	0.0036
-4.2	-0.8	0.0059
-4.2	-0.75	0.006
-4.2	-0.7	0.0027
-4.2	-0.55	0.0022
-4.2	-0.35	0.0029
-4.2	-0.2	0.0077
-4.2	-0.15	0.0156
-4.2	-0.1	0.0155
-4.2	-0.05	0.0092
-4.2	0	0.008
-4.2	0.05	0.0132
-4.2	0.1	0.0154
-4.2	0.15	0.0091
-4.2	0.3	0.0025
-4.2	0.35	0.0021
-4.2	0.5	0.002
-4.2	0.7	0.0049
-4.2	0.75	0.0056
-4.2	0.8	0.0033
-4.2	0.9	0.0021
-4.2	0.95	0.0028
-4.2	1	0.0021
-4.15	-1.05	0.0022
-4.15	-1	0.0038
-4.15	-0.95	0.0039
-4.15	-0.9	0.0037
-4.15	-0.85	0.0053
-4.15	-0.8	0.0076
-4.15	-0.75	0.0069
-4.15	-0.7	0.0028
-4.15	-0.55	0.0024
-4.15	-0.35	0.003
-4.15	-0.2	0.0076
-4.15	-0.15	0.0148
-4.15	-0.1	0.0145
-4.15	-0.05	0.0104
-4.15	0	0.012
-4.15	0.05	0.0183
-4.15	0.1	0.0186
-4.15	0.15	0.01
-4.15	0.3	0.0027
-4.15	0.35	0.0021
-4.15	0.5	0.0021
-4.15	0.7	0.0047
-4.15	0.75	0.0051
-4.15	0.8	0.0031
-4.15	0.85	0.0022
-4.15	0.9	0.0032
-4.15	0.95	0.0037
-4.15	1	0.0024
-4.1	-1	0.003
-4.1	-0.95	0.0032
-4.1	-0.9	0.0037
-4.1	-0.85	0.0058
-4.1	-0.8	0.008
-4.1	-0.75	0.0067
-4.1	-0.7	0.0026
-4.1	-0.55	0.002
-4.1	-0.35	0.0024
-4.1	-0.2	0.0061
-4.1	-0.15	0.0113
-4.1	-0.1	0.011
-4.1	-0.05	0.0092
-4.1	0	0.0129
-4.1	0.05	0.0192
-4.1	0.1	0.0185
-4.1	0.15	0.0094
-4.1	0.3	0.0024
-4.1	0.7	0.0037
-4.1	0.75	0.0038
-4.1	0.8	0.0024
-4.1	0.85	0.0022
-4.1	0.9	0.0035
-4.1	0.95	0.0037
-4.1	1	0.0023
-4.05	-0.95	0.002
-4.05	-0.9	0.0026
-4.05	-0.85	0.0046
-4.05	-0.8	0.0063
-4.05	-0.75	0.0053
-4.05	-0.7	0.0021
-4.05	-0.2	0.0039
-4.05	-0.15	0.007
-4.05	-0.1	0.0066
-4.05	-0.05	0.006
-4.05	0	0.0097
-4.05	0.05	0.015
-4.05	0.1	0.0143
-4.05	0.15	0.0073
-4.05	0.7	0.0023
-4.05	0.75	0.0023
-4.05	0.9	0.0027
-4.05	0.95	0.0029
-4	-0.85	0.0024
-4	-0.8	0.0037
-4	-0.75	0.0033
-4	-0.15	0.0033
-4	-0.1	0.003
-4	-0.05	0.0025
-4	0	0.0046
-4	0.05	0.0079
-4	0.1	0.0084
-4	0.15	0.0049
-3.95	0.05	0.0024
-3.95	0.1	0.0034
-3.95	0.15	0.0028
-3.85	-0.05	0.0037
-3.85	0	0.0043
-3.85	0.05	0.0032
-3.8	-0.05	0.0046
-3.8	0	0.0065
-3.8	0.05	0.0056
-3.8	0.1	0.0029
-3.75	-0.05	0.0034
-3.75	0	0.0056
-3.75	0.05	0.0053
-3.75	0.1	0.0029
-3.7	0	0.0023
-3.7	0.05	0.0024
-3.55	-0.85	0.0021
-3.55	-0.1	0.0021
-3.55	-0.05	0.0048
-3.55	0	0.0065
-3.55	0.05	0.0054
-3.55	0.1	0.0025
-3.5	-0.9	0.0025
-3.5	-0.85	0.0034
-3.5	-0.8	0.0027
-3.5	-0.1	0.0024
-3.5	-0.05	0.007
-3.5	0	0.0105
-3.5	0.05	0.0093
-3.5	0.1	0.0044
-3.5	0.85	0.0026
-3.5	0.9	0.0025
-3.45	-0.9	0.0024
-3.45	-0.85	0.0034
-3.45	-0.8	0.0027
-3.45	-0.05	0.0065
-3.45	0	0.0104
-3.45	0.05	0.0095
-3.45	0.1	0.0047
-3.45	0.85	0.0025
-3.45	0.9	0.0026
-3.4	-0.85	0.002
-3.4	-0.05	0.0039
-3.4	0	0.0064
-3.4	0.05	0.0059
-3.4	0.1	0.003
-3.35	0	0.0021
-3.25	0	0.002
-3.2	-0.05	0.0022
-3.2	0	0.0048
-3.2	0.05	0.0054
-3.2	0.1	0.0033
-3.15	-0.9	0.0023
-3.15	-0.85	0.0039
-3.15	-0.8	0.0035
-3.15	-0.05	0.0058
-3.15	0	0.0113
-3.15	0.05	0.0115
-3.15	0.1	0.0064
-3.15	0.85	0.0026
-3.15	0.9	0.0031
-3.1	-0.95	0.0028
-3.1	-0.9	0.007
-3.1	-0.85	0.0094
-3.1	-0.8	0.0073
-3.1	-0.75	0.0027
-3.1	-0.25	0.0022
-3.1	-0.1	0.0061
-3.1	-0.05	0.0194
-3.1	0	0.0298
-3.1	0.05	0.026
-3.1	0.1	0.0122
-3.1	0.8	0.0044
-3.1	0.85	0.0078
-3.1	0.9	0.0076
-3.1	0.95	0.0042
-3.05	-0.95	0.0079
-3.05	-0.9	0.0173
-3.05	-0.85	0.0211
-3.05	-0.8	0.0147
-3.05	-0.75	0.0045
-3.05	-0.6	0.0027
-3.05	-0.45	0.0021
-3.05	-0.25	0.0044
-3.05	-0.1	0.0185
-3.05	-0.05	0.0505
-3.05	0	0.0689
-3.05	0.05	0.0549
-3.05	0.1	0.0234
-3.05	0.15	0.0027
-3.05	0.25	0.0044
-3.05	0.3	0.0024
-3.05	0.45	0.0022
-3.05	0.6	0.0021
-3.05	0.65	0.0021
-3.05	0.75	0.0029
-3.05	0.8	0.0117
-3.05	0.85	0.0189
-3.05	0.9	0.0168
-3.05	0.95	0.0085
-3	-1	0.0031
-3	-0.95	0.0156
-3	-0.9	0.0324
-3	-0.85	0.0381
-3	-0.8	0.0254
-3	-0.75	0.0071
-3	-0.65	0.0037
-3	-0.6	0.0048
-3	-0.45	0.0037
-3	-0.4	0.0028
-3	-0.3	0.0034
-3	-0.25	0.0076
-3	-0.2	0.0027
-3	-0.15	0.003
-3	-0.1	0.0369
-3	-0.05	0.0948
-3	0	0.1266
-3	0.05	0.0977
-3	0.1	0.0399
-3	0.15	0.0043
-3	0.2	0.0027
-3	0.25	0.0082
-3	0.3	0.0042
-3	0.4	0.0023
-3	0.45	0.0036
-3	0.6	0.0038
-3	0.65	0.0033
-3	0.75	0.0057
-3	0.8	0.0223
-3	0.85	0.0342
-3	0.9	0.03
-3	0.95	0.0148
-3	1	0.0031
-2.95	-1	0.0045
-2.95	-0.95	0.0227
-2.95	-0.9	0.0468
-2.95	-0.85	0.0545
-2.95	-0.8	0.0359
-2.95	-0.75	0.0097
-2.95	-0.65	0.0055
-2.95	-0.6	0.007
-2.95	-0.45	0.0052
-2.95	-0.4	0.0039
-2.95	-0.3	0.005
-2.95	-0.25	0.0109
-2.95	-0.2	0.0036
-2.95	-0.15	0.0053
-2.95	-0.1	0.0542
-2.95	-0.05	0.1381
-2.95	0	0.1809
-2.95	0.05	0.1384
-2.95	0.1	0.0547
-2.95	0.15	0.0051
-2.95	0.2	0.0041
-2.95	0.25	0.0119
-2.95	0.3	0.0062
-2.95	0.4	0.0032
-2.95	0.45	0.0051
-2.95	0.6	0.0053
-2.95	0.65	0.0045
-2.95	0.75	0.0086
-2.95	0.8	0.0317
-2.95	0.85	0.0489
-2.95	0.9	0.042
-2.95	0.95	0.0204
-2.95	1	0.0042
-2.9	-1	0.0051
-2.9	-0.95	0.0254
-2.9	-0.9	0.0526
-2.9	-0.85	0.0611
-2.9	-0.8	0.0399
-2.9	-0.75	0.0107
-2.9	-0.65	0.0063
-2.9	-0.6	0.0078
-2.9	-0.45	0.0058
-2.9	-0.4	0.0044
-2.9	-0.3	0.0056
-2.9	-0.25	0.0118
-2.9	-0.2	0.004
-2.9	-0.15	0.005
-2.9	-0.1	0.0598
-2.9	-0.05	0.1522
-2.9	0	0.2008
-2.9	0.05	0.1527
-2.9	0.1	0.0603
-2.9	0.15	0.0056
-2.9	0.2	0.0047
-2.9	0.25	0.0135
-2.9	0.3	0.007
-2.9	0.4	0.0037
-2.9	0.45	0.0057
-2.9	0.6	0.006
-2.9	0.65	0.0049
-2.9	0.75	0.0093
-2.9	0.8	0.0351
-2.9	0.85	0.0534
-2.9	0.9	0.0461
-2.9	0.95	0.0222
-2.9	1	0.0045
-2.85	-1	0.0041
-2.85	-0.95	0.0209
-2.85	-0.9	0.0436
-2.85	-0.85	0.0508
-2.85	-0.8	0.0334
-2.85	-0.75	0.0088
-2.85	-0.65	0.0055
-2.85	-0.6	0.0068
-2.85	-0.45	0.0051
-2.85	-0.4	0.0037
-2.85	-0.3	0.0048
-2.85	-0.25	0.0103
-2.85	-0.2	0.0035
-2.85	-0.15	0.0049
-2.85	-0.1	0.0497
-2.85	-0.05	0.1266
-2.85	0	0.1651
-2.85	0.05	0.1262
-2.85	0.1	0.0488
-2.85	0.15	0.0044
-2.85	0.2	0.0043
-2.85	0.25	0.0115
-2.85	0.3	0.0058
-2.85	0.4	0.0032
-2.85	0.45	0.0049
-2.85	0.6	0.0051
-2.85	0.65	0.0043
-2.85	0.75	0.0082
-2.85	0.8	0.0295
-2.85	0.85	0.0452
-2.85	0.9	0.0383
-2.85	0.95	0.0184
-2.85	1	0.0036
-2.8	-1	0.0023
-2.8	-0.95	0.0119
-2.8	-0.9	0.0247
-2.8	-0.85	0.0285
-2.8	-0.8	0.0184
-2.8	-0.75	0.0047
-2.8	-0.65	0.0033
-2.8	-0.6	0.0039
-2.8	-0.45	0.0032
-2.8	-0.4	0.0023
-2.8	-0.3	0.0029
-2.8	-0.25	0.0061
-2.8	-0.2	0.0021
-2.8	-0.15	0.0024
-2.8	-0.1	0.0288
-2.8	-0.05	0.0724
-2.8	0	0.0949
-2.8	0.05	0.0713
-2.8	0.1	0.0272
-2.8	0.15	0.0023
-2.8	0.2	0.0027
-2.8	0.25	0.0068
-2.8	0.3	0.0033
-2.8	0.4	0.0022
-2.8	0.45	0.003
-2.8	0.6	0.0031
-2.8	0.65	0.0026
-2.8	0.75	0.0047
-2.8	0.8	0.0173
-2.8	0.85	0.0262
-2.8	0.9	0.0223
-2.8	0.95	0.0104
-2.75	-0.95	0.0042
-2.75	-0.9	0.0081
-2.75	-0.85	0.0088
-2.75	-0.8	0.0053
-2.75	-0.25	0.0023
-2.75	-0.1	0.0105
-2.75	-0.05	0.0253
-2.75	0	0.0311
-2.75	0.05	0.0217
-2.75	0.1	0.0072
-2.75	0.25	0.0023
-2.75	0.8	0.0064
-2.75	0.85	0.0091
-2.75	0.9	0.0072
-2.75	0.95	0.0032
-2.7	-0.95	0.0034
-2.7	-0.9	0.0059
-2.7	-0.85	0.006
-2.7	-0.8	0.0035
-2.7	-0.1	0.0083
-2.7	-0.05	0.0179
-2.7	0	0.0211
-2.7	0.05	0.014
-2.7	0.1	0.0048
-2.7	0.8	0.0044
-2.7	0.85	0.006
-2.7	0.9	0.0046
-2.65	-1	0.0023
-2.65	-0.95	0.0107
-2.65	-0.9	0.0207
-2.65	-0.85	0.0235
-2.65	-0.8	0.0155
-2.65	-0.75	0.0045
-2.65	-0.45	0.0022
-2.65	-0.3	0.0023
-2.65	-0.25	0.0041
-2.65	-0.15	0.003
-2.65	-0.1	0.0244
-2.65	-0.05	0.0579
-2.65	0	0.074
-2.65	0.05	0.0562
-2.65	0.1	0.0226
-2.65	0.15	0.0027
-2.65	0.25	0.0033
-2.65	0.6	0.0021
-2.65	0.75	0.004
-2.65	0.8	0.0132
-2.65	0.85	0.0196
-2.65	0.9	0.0165
-2.65	0.95	0.008
-2.6	-1	0.0043
-2.6	-0.95	0.0199
-2.6	-0.9	0.0409
-2.6	-0.85	0.0476
-2.6	-0.8	0.0318
-2.6	-0.75	0.0094
-2.6	-0.65	0.0032
-2.6	-0.6	0.0044
-2.6	-0.45	0.0041
-2.6	-0.4	0.0028
-2.6	-0.3	0.0044
-2.6	-0.25	0.0084
-2.6	-0.2	0.0025
-2.6	-0.15	0.0047
-2.6	-0.1	0.0459
-2.6	-0.05	0.114
-2.6	0	0.1497
-2.6	0.05	0.1149
-2.6	0.1	0.0481
-2.6	0.15	0.0056
-2.6	0.25	0.007
-2.6	0.3	0.0037
-2.6	0.4	0.0027
-2.6	0.45	0.0037
-2.6	0.6	0.0043
-2.6	0.65	0.0033
-2.6	0.75	0.0073
-2.6	0.8	0.0259
-2.6	0.85	0.0391
-2.6	0.9	0.034
-2.6	0.95	0.0168
-2.6	1	0.0039
-2.55	-1	0.0048
-2.55	-0.95	0.0239
-2.55	-0.9	0.0489
-2.55	-0.85	0.0576
-2.55	-0.8	0.0389
-2.55	-0.75	0.0117
-2.55	-0.65	0.004
-2.55	-0.6	0.0055
-2.55	-0.45	0.005
-2.55	-0.4	0.0034
-2.55	-0.3	0.0054
-2.55	-0.25	0.0108
-2.55	-0.2	0.0033
-2.55	-0.15	0.0054
-2.55	-0.1	0.055
-2.55	-0.05	0.1388
-2.55	0	0.1816
-2.55	0.05	0.1408
-2.55	0.1	0.0581
-2.55	0.15	0.0071
-2.55	0.2	0.0022
-2.55	0.25	0.0087
-2.55	0.3	0.0045
-2.55	0.4	0.0031
-2.55	0.45	0.0045
-2.55	0.6	0.0054
-2.55	0.65	0.0042
-2.55	0.75	0.0089
-2.55	0.8	0.0318
-2.55	0.85	0.0483
-2.55	0.9	0.0418
-2.55	0.95	0.0209
-2.55	1	0.0045
-2.5	-1	0.0036
-2.5	-0.95	0.018
-2.5	-0.9	0.0373
-2.5	-0.85	0.0437
-2.5	-0.8	0.0297
-2.5	-0.75	0.0089
-2.5	-0.65	0.0028
-2.5	-0.6	0.004
-2.5	-0.45	0.0036
-2.5	-0.4	0.0025
-2.5	-0.3	0.0043
-2.5	-0.25	0.0082
-2.5	-0.2	0.0026
-2.5	-0.15	0.0039
-2.5	-0.1	0.0422
-2.5	-0.05	0.1052
-2.5	0	0.1392
-2.5	0.05	0.1072
-2.5	0.1	0.0454
-2.5	0.15	0.0054
-2.5	0.25	0.0064
-2.5	0.3	0.0033
-2.5	0.4	0.0023
-2.5	0.45	0.0032
-2.5	0.6	0.0041
-2.5	0.65	0.0032
-2.5	0.75	0.0067
-2.5	0.8	0.024
-2.5	0.85	0.0364
-2.5	0.9	0.0318
-2.5	0.95	0.0158
-2.5	1	0.0036
-2.45	-0.95	0.0063
-2.45	-0.9	0.013
-2.45	-0.85	0.0153
-2.45	-0.8	0.0107
-2.45	-0.75	0.0033
-2.45	-0.25	0.003
-2.45	-0.1	0.0145
-2.45	-0.05	0.0365
-2.45	0	0.0488
-2.45	0.05	0.0379
-2.45	0.1	0.0164
-2.45	0.15	0.0022
-2.45	0.25	0.0021
-2.45	0.75	0.0023
-2.45	0.8	0.0087
-2.45	0.85	0.013
-2.45	0.9	0.0112
-2.45	0.95	0.0058
-2.35	-0.95	0.0087
-2.35	-0.9	0.0183
-2.35	-0.85	0.0211
-2.35	-0.8	0.0141
-2.35	-0.75	0.0041
-2.35	-0.6	0.0025
-2.35	-0.45	0.0021
-2.35	-0.25	0.0036
-2.35	-0.1	0.0184
-2.35	-0.05	0.0464
-2.35	0	0.0617
-2.35	0.05	0.0474
-2.35	0.1	0.0188
-2.35	0.25	0.0038
-2.35	0.3	0.002
-2.35	0.75	0.0026
-2.35	0.8	0.01
-2.35	0.85	0.0155
-2.35	0.9	0.0132
-2.35	0.95	0.0066
-2.3	-1	0.0062
-2.3	-0.95	0.03
-2.3	-0.9	0.0622
-2.3	-0.85	0.0717
-2.3	-0.8	0.0471
-2.3	-0.75	0.0131
-2.3	-0.65	0.0058
-2.3	-0.6	0.0076
-2.3	-0.45	0.0066
-2.3	-0.4	0.005
-2.3	-0.3	0.006
-2.3	-0.25	0.0127
-2.3	-0.2	0.0041
-2.3	-0.15	0.0062
-2.3	-0.1	0.0648
-2.3	-0.05	0.1642
-2.3	0	0.2152
-2.3	0.05	0.1643
-2.3	0.1	0.0671
-2.3	0.15	0.0065
-2.3	0.2	0.0035
-2.3	0.25	0.0117
-2.3	0.3	0.0061
-2.3	0.4	0.0039
-2.3	0.45	0.0058
-2.3	0.6	0.0058
-2.3	0.65	0.0049
-2.3	0.75	0.0096
-2.3	0.8	0.0353
-2.3	0.85	0.054
-2.3	0.9	0.047
-2.3	0.95	0.023
-2.3	1	0.0048
-2.25	-1.15	0.0022
-2.25	-1.1	0.0025
-2.25	-1	0.0099
-2.25	-0.95	0.0493
-2.25	-0.9	0.101
-2.25	-0.85	0.1178
-2.25	-0.8	0.0775
-2.25	-0.75	0.022
-2.25	-0.65	0.009
-2.25	-0.6	0.0114
-2.25	-0.55	0.0023
-2.25	-0.5	0.0021
-2.25	-0.45	0.0103
-2.25	-0.4	0.0073
-2.25	-0.3	0.0096
-2.25	-0.25	0.0201
-2.25	-0.2	0.0066
-2.25	-0.15	0.0096
-2.25	-0.1	0.1024
-2.25	-0.05	0.2593
-2.25	0	0.3411
-2.25	0.05	0.2629
-2.25	0.1	0.1065
-2.25	0.15	0.0121
-2.25	0.2	0.0052
-2.25	0.25	0.0184
-2.25	0.3	0.009
-2.25	0.4	0.0063
-2.25	0.45	0.0091
-2.25	0.6	0.0096
-2.25	0.65	0.0077
-2.25	0.75	0.0155
-2.25	0.8	0.0564
-2.25	0.85	0.0855
-2.25	0.9	0.0741
-2.25	0.95	0.0366
-2.25	1	0.0078
-2.2	-1.15	0.0021
-2.2	-1.1	0.0023
-2.2	-1	0.0092
-2.2	-0.95	0.0454
-2.2	-0.9	0.0935
-2.2	-0.85	0.1091
-2.2	-0.8	0.0728
-2.2	-0.75	0.0207
-2.2	-0.65	0.008
-2.2	-0.6	0.0106
-2.2	-0.5	0.0023
-2.2	-0.45	0.0095
-2.2	-0.4	0.0066
-2.2	-0.3	0.0095
-2.2	-0.25	0.0187
-2.2	-0.2	0.0059
-2.2	-0.15	0.0096
-2.2	-0.1	0.0944
-2.2	-0.05	0.2392
-2.2	0	0.3131
-2.2	0.05	0.239
-2.2	0.1	0.0982
-2.2	0.15	0.0098
-2.2	0.2	0.0048
-2.2	0.25	0.016
-2.2	0.3	0.008
-2.2	0.4	0.0059
-2.2	0.45	0.0082
-2.2	0.6	0.0091
-2.2	0.65	0.0073
-2.2	0.75	0.0151
-2.2	0.8	0.0534
-2.2	0.85	0.0803
-2.2	0.9	0.0692
-2.2	0.95	0.0338
-2.2	1	0.0073
-2.15	-1	0.004
-2.15	-0.95	0.0193
-2.15	-0.9	0.0393
-2.15	-0.85	0.0459
-2.15	-0.8	0.0305
-2.15	-0.75	0.0093
-2.15	-0.65	0.0033
-2.15	-0.6	0.0042
-2.15	-0.45	0.0042
-2.15	-0.4	0.0027
-2.15	-0.3	0.0046
-2.15	-0.25	0.0084
-2.15	-0.2	0.0027
-2.15	-0.15	0.005
-2.15	-0.1	0.043
-2.15	-0.05	0.1052
-2.15	0	0.1368
-2.15	0.05	0.104
-2.15	0.1	0.042
-2.15	0.15	0.0051
-2.15	0.25	0.0066
-2.15	0.3	0.0032
-2.15	0.4	0.0027
-2.15	0.45	0.0036
-2.15	0.6	0.0043
-2.15	0.65	0.0033
-2.15	0.75	0.007
-2.15	0.8	0.025
-2.15	0.85	0.0367
-2.15	0.9	0.0312
-2.15	0.95	0.0152
-2.15	1	0.0033
-2.1	0	0.0031
-2.1	0.05	0.0032
-2.05	-1.15	0.003
-2.05	-1.1	0.0025
-2.05	-1	0.0072
-2.05	-0.95	0.035
-2.05	-0.9	0.0767
-2.05	-0.85	0.0902
-2.05	-0.8	0.0608
-2.05	-0.75	0.0184
-2.05	-0.65	0.0074
-2.05	-0.6	0.0096
-2.05	-0.55	0.0023
-2.05	-0.45	0.0076
-2.05	-0.4	0.0058
-2.05	-0.3	0.0065
-2.05	-0.25	0.0146
-2.05	-0.2	0.0059
-2.05	-0.15	0.0058
-2.05	-0.1	0.0684
-2.05	-0.05	0.1763
-2.05	0	0.2379
-2.05	0.05	0.1857
-2.05	0.1	0.073
-2.05	0.15	0.007
-2.05	0.2	0.0036
-2.05	0.25	0.0136
-2.05	0.3	0.0071
-2.05	0.4	0.0041
-2.05	0.45	0.0064
-2.05	0.6	0.0062
-2.05	0.65	0.0053
-2.05	0.75	0.0086
-2.05	0.8	0.0353
-2.05	0.85	0.0542
-2.05	0.9	0.0474
-2.05	0.95	0.0241
-2.05	1	0.0051
-2	-1.35	0.0023
-2	-1.3	0.0045
-2	-1.1	0.0033
-2	-1	0.0852
-2	-0.95	0.4394
-2	-0.9	0.5442
-2	-0.85	0.4795
-2	-0.8	0.2844
-2	-0.75	0.0771
-2	-0.65	0.0321
-2	-0.6	0.0432
-2	-0.55	0.0087
-2	-0.5	0.0077
-2	-0.45	0.0367
-2	-0.4	0.0267
-2	-0.3	0.0323
-2	-0.25	0.0679
-2	-0.2	0.0232
-2	-0.15	0.0298
-2	-0.1	0.3222
-2	-0.05	0.8235
-2	0	1.089
-2	0.05	0.8421
-2	0.1	0.3445
-2	0.15	0.0338
-2	0.2	0.0186
-2	0.25	0.0597
-2	0.3	0.031
-2	0.4	0.0207
-2	0.45	0.0297
-2	0.5	0.0067
-2	0.55	0.0053
-2	0.6	0.0305
-2	0.65	0.0258
-2	0.75	0.0456
-2	0.8	0.1717
-2	0.85	0.2646
-2	0.9	0.2292
-2	0.95	0.1115
-2	1	0.024
-2	1.1	0.005
-2	1.15	0.0047
-1.95	-1.45	0.004
-1.95	-1.35	0.0108
-1.95	-1.3	0.0034
-1.95	-1.15	0.011
-1.95	-1.1	0.0289
-1.95	-1	0.0225
-1.95	-0.95	0.0829
-1.95	-0.9	0.176
-1.95	-0.85	0.2938
-1.95	-0.8	0.5045
-1.95	-0.75	0.3367
-1.95	-0.7	0.0037
-1.95	-0.65	0.1063
-1.95	-0.6	0.1067
-1.95	-0.55	0.0191
-1.95	-0.5	0.0164
-1.95	-0.45	0.0832
-1.95	-0.4	0.0605
-1.95	-0.35	0.0022
-1.95	-0.3	0.0825
-1.95	-0.25	0.1704
-1.95	-0.2	0.0556
-1.95	-0.15	0.0682
-1.95	-0.1	0.7732
-1.95	-0.05	1.9276
-1.95	0	2.5235
-1.95	0.05	1.9292
-1.95	0.1	0.7894
-1.95	0.15	0.0914
-1.95	0.2	0.0375
-1.95	0.25	0.1356
-1.95	0.3	0.0671
-1.95	0.35	0.0027
-1.95	0.4	0.0479
-1.95	0.45	0.0694
-1.95	0.5	0.015
-1.95	0.55	0.0137
-1.95	0.6	0.0754
-1.95	0.65	0.0615
-1.95	0.7	0.0044
-1.95	0.75	0.1117
-1.95	0.8	0.4221
-1.95	0.85	0.6389
-1.95	0.9	0.555
-1.95	0.95	0.2723
-1.95	1	0.0574
-1.95	1.1	0.0115
-1.95	1.15	0.0111
-1.95	1.3	0.0032
-1.9	-1.3	0.0044
-1.9	-1.25	0.0034
-1.9	-1.2	0.065
-1.9	-1.15	0.2223
-1.9	-1.1	0.0282
-1.9	-1	0.0354
-1.9	-0.95	0.2001
-1.9	-0.9	0.8193
-1.9	-0.85	2.505
-1.9	-0.8	0.9825
-1.9	-0.75	0.0758
-1.9	-0.65	0.0245
-1.9	-0.6	0.047
-1.9	-0.55	0.0166
-1.9	-0.5	0.0914
-1.9	-0.45	0.3345
-1.9	-0.4	0.129
-1.9	-0.35	0.0046
-1.9	-0.3	0.1244
-1.9	-0.25	0.258
-1.9	-0.2	0.0867
-1.9	-0.15	0.1378
-1.9	-0.1	1.4144
-1.9	-0.05	3.5843
-1.9	0	4.6466
-1.9	0.05	3.4931
-1.9	0.1	1.3865
-1.9	0.15	0.1367
-1.9	0.2	0.0672
-1.9	0.25	0.2197
-1.9	0.3	0.11
-1.9	0.35	0.0025
-1.9	0.4	0.0786
-1.9	0.45	0.1118
-1.9	0.5	0.0236
-1.9	0.55	0.0236
-1.9	0.6	0.1223
-1.9	0.65	0.1014
-1.9	0.7	0.0036
-1.9	0.75	0.1956
-1.9	0.8	0.7117
-1.9	0.85	1.0938
-1.9	0.9	0.9436
-1.9	0.95	0.4651
-1.9	1	0.1
-1.9	1.1	0.02
-1.9	1.15	0.0188
-1.9	1.2	0.0027
-1.9	1.3	0.0054
-1.9	1.35	0.0026
-1.9	1.8	0.0026
-1.85	-1.15	0.0084
-1.85	-1.1	0.0166
-1.85	-1	1.4094
-1.85	-0.95	9.6094
-1.85	-0.9	3.0433
-1.85	-0.85	1.0291
-1.85	-0.8	0.3633
-1.85	-0.75	0.0853
-1.85	-0.65	0.302
-1.85	-0.6	0.5744
-1.85	-0.55	0.0235
-1.85	-0.5	0.0102
-1.85	-0.45	0.0345
-1.85	-0.4	0.0236
-1.85	-0.3	0.0963
-1.85	-0.25	0.7375
-1.85	-0.2	0.523
-1.85	-0.15	0.2281
-1.85	-0.1	1.4712
-1.85	-0.05	3.6883
-1.85	0	5.2264
-1.85	0.05	4.3415
-1.85	0.1	1.868
-1.85	0.15	0.2092
-1.85	0.2	0.0977
-1.85	0.25	0.3325
-1.85	0.3	0.1616
-1.85	0.35	0.0061
-1.85	0.4	0.1122
-1.85	0.45	0.1528
-1.85	0.5	0.0342
-1.85	0.55	0.0311
-1.85	0.6	0.1624
-1.85	0.65	0.1298
-1.85	0.7	0.0088
-1.85	0.75	0.2494
-1.85	0.8	0.923
-1.85	0.85	1.4064
-1.85	0.9	1.2241
-1.85	0.95	0.6035
-1.85	1	0.1312
-1.85	1.05	0.0023
-1.85	1.1	0.0267
-1.85	1.15	0.0255
-1.85	1.2	0.0037
-1.85	1.25	0.0023
-1.85	1.3	0.0076
-1.85	1.35	0.0036
-1.85	1.8	0.0034
-1.85	1.85	0.0025
-1.85	2.55	0.0021
-1.85	2.6	0.0024
-1.8	-1.15	0.0025
-1.8	-1.1	0.0032
-1.8	-1	0.0246
-1.8	-0.95	0.1745
-1.8	-0.9	0.6637
-1.8	-0.85	2.0024
-1.8	-0.8	7.7121
-1.8	-0.75	5.9307
-1.8	-0.7	0.021
-1.8	-0.65	0.0976
-1.8	-0.6	0.0618
-1.8	-0.55	0.0089
-1.8	-0.5	0.01
-1.8	-0.45	0.1071
-1.8	-0.4	0.2221
-1.8	-0.35	0.0153
-1.8	-0.3	0.1123
-1.8	-0.25	0.0975
-1.8	-0.2	0.0228
-1.8	-0.15	0.039
-1.8	-0.1	0.4893
-1.8	-0.05	2.1243
-1.8	0	7.9974
-1.8	0.05	9.1294
-1.8	0.1	2.6594
-1.8	0.15	0.1186
-1.8	0.2	0.0786
-1.8	0.25	0.2899
-1.8	0.3	0.1639
-1.8	0.35	0.0066
-1.8	0.4	0.1411
-1.8	0.45	0.1983
-1.8	0.5	0.0405
-1.8	0.55	0.0413
-1.8	0.6	0.1952
-1.8	0.65	0.155
-1.8	0.7	0.007
-1.8	0.75	0.2872
-1.8	0.8	1.0142
-1.8	0.85	1.5366
-1.8	0.9	1.3131
-1.8	0.95	0.6463
-1.8	1	0.1359
-1.8	1.1	0.0287
-1.8	1.15	0.0272
-1.8	1.2	0.0038
-1.8	1.25	0.0026
-1.8	1.3	0.0083
-1.8	1.35	0.0041
-1.8	1.5	0.0022
-1.8	1.8	0.0038
-1.8	1.85	0.0027
-1.8	2.55	0.0023
-1.8	2.6	0.0027
-1.75	-1	0.0082
-1.75	-0.95	0.0466
-1.75	-0.9	0.1158
-1.75	-0.85	0.171
-1.75	-0.8	0.1478
-1.75	-0.75	0.0601
-1.75	-0.65	0.0898
-1.75	-0.6	0.3432
-1.75	-0.55	0.3908
-1.75	-0.5	0.1889
-1.75	-0.45	0.1259
-1.75	-0.4	0.0379
-1.75	-0.3	0.0359
-1.75	-0.25	0.092
-1.75	-0.2	0.0717
-1.75	-0.15	0.5191
-1.75	-0.1	4.98
-1.75	-0.05	2.1588
-1.75	0	1.5295
-1.75	0.05	0.8071
-1.75	0.1	0.3021
-1.75	0.15	0.0373
-1.75	0.2	0.0323
-1.75	0.25	0.4708
-1.75	0.3	0.4931
-1.75	0.35	0.0061
-1.75	0.4	0.0647
-1.75	0.45	0.0963
-1.75	0.5	0.031
-1.75	0.55	0.037
-1.75	0.6	0.2053
-1.75	0.65	0.1701
-1.75	0.7	0.0129
-1.75	0.75	0.314
-1.75	0.8	1.0917
-1.75	0.85	1.5696
-1.75	0.9	1.3002
-1.75	0.95	0.6155
-1.75	1	0.1286
-1.75	1.05	0.0024
-1.75	1.1	0.0271
-1.75	1.15	0.0252
-1.75	1.2	0.0037
-1.75	1.25	0.0024
-1.75	1.3	0.0078
-1.75	1.35	0.0038
-1.75	1.5	0.0021
-1.75	1.8	0.0035
-1.75	1.85	0.0026
-1.75	2.55	0.0021
-1.75	2.6	0.0025
-1.7	-1	0.0037
-1.7	-0.95	0.0193
-1.7	-0.9	0.0435
-1.7	-0.85	0.0562
-1.7	-0.8	0.0422
-1.7	-0.75	0.0133
-1.7	-0.65	0.0093
-1.7	-0.6	0.0149
-1.7	-0.55	0.004
-1.7	-0.5	0.0096
-1.7	-0.45	0.059
-1.7	-0.4	0.1148
-1.7	-0.35	0.0613
-1.7	-0.3	0.997
-1.7	-0.25	0.2553
-1.7	-0.2	0.037
-1.7	-0.15	0.0309
-1.7	-0.1	0.2337
-1.7	-0.05	0.6561
-1.7	0	1.5663
-1.7	0.05	5.1395
-1.7	0.1	7.0338
-1.7	0.15	0.2771
-1.7	0.2	0.0526
-1.7	0.25	0.0615
-1.7	0.3	0.0203
-1.7	0.4	0.0172
-1.7	0.45	0.0428
-1.7	0.5	0.0222
-1.7	0.55	0.0527
-1.7	0.6	0.1549
-1.7	0.65	0.0425
-1.7	0.7	0.0037
-1.7	0.75	0.1983
-1.7	0.8	0.8624
-1.7	0.85	1.4792
-1.7	0.9	1.2679
-1.7	0.95	0.5957
-1.7	1	0.1152
-1.7	1.1	0.0234
-1.7	1.15	0.0211
-1.7	1.2	0.0027
-1.7	1.25	0.002
-1.7	1.3	0.0062
-1.7	1.35	0.0031
-1.7	1.8	0.0026
-1.7	2.6	0.002
-1.65	-0.95	0.008
-1.65	-0.9	0.0176
-1.65	-0.85	0.0216
-1.65	-0.8	0.0151
-1.65	-0.75	0.0046
-1.65	-0.65	0.0027
-1.65	-0.6	0.0036
-1.65	-0.45	0.0059
-1.65	-0.4	0.005
-1.65	-0.3	0.0152
-1.65	-0.25	0.0521
-1.65	-0.2	0.0487
-1.65	-0.15	0.6442
-1.65	-0.1	8.8792
-1.65	-0.05	3.9436
-1.65	0	1.1142
-1.65	0.05	0.4274
-1.65	0.1	0.1298
-1.65	0.15	0.0129
-1.65	0.2	0.0125
-1.65	0.25	0.073
-1.65	0.3	0.1275
-1.65	0.35	0.0065
-1.65	0.4	0.1169
-1.65	0.45	0.0366
-1.65	0.5	0.0054
-1.65	0.55	0.0031
-1.65	0.6	0.0143
-1.65	0.65	0.0129
-1.65	0.7	0.0024
-1.65	0.75	0.2159
-1.65	0.8	1.5385
-1.65	0.85	0.7463
-1.65	0.9	0.2504
-1.65	0.95	0.1301
-1.65	1	0.0452
-1.65	1.1	0.0204
-1.65	1.15	0.0179
-1.65	1.2	0.0023
-1.65	1.3	0.0047
-1.65	1.35	0.0022
-1.6	-0.95	0.003
-1.6	-0.9	0.0063
-1.6	-0.85	0.0076
-1.6	-0.8	0.0051
-1.6	-0.3	0.0021
-1.6	-0.25	0.0049
-1.6	-0.2	0.002
-1.6	-0.15	0.0045
-1.6	-0.1	0.0556
-1.6	-0.05	0.2392
-1.6	0	0.69
-1.6	0.05	1.8649
-1.6	0.1	3.8296
-1.6	0.15	0.1741
-1.6	0.2	0.0105
-1.6	0.25	0.0159
-1.6	0.3	0.0055
-1.6	0.4	0.0057
-1.6	0.45	0.0119
-1.6	0.5	0.0062
-1.6	0.55	0.0246
-1.6	0.6	0.3705
-1.6	0.65	0.064
-1.6	0.75	0.0163
-1.6	0.8	0.0423
-1.6	0.85	0.0619
-1.6	0.9	0.0672
-1.6	0.95	0.0626
-1.6	1	0.0416
-1.6	1.1	0.0072
-1.6	1.15	0.0024
-1.6	1.3	0.0029
-1.55	-0.85	0.0021
-1.55	-0.1	0.0064
-1.55	-0.05	0.0183
-1.55	0	0.0281
-1.55	0.05	0.0257
-1.55	0.1	0.0128
-1.55	0.2	0.0031
-1.55	0.25	0.0219
-1.55	0.3	0.0786
-1.55	0.4	0.0062
-1.55	0.45	0.004
-1.55	0.6	0.0025
-1.55	0.65	0.0028
-1.55	0.75	0.0362
-1.55	0.8	0.6542
-1.55	0.85	0.6692
-1.55	0.9	0.1188
-1.55	0.95	0.0194
-1.55	1	0.0026
-1.55	1.3	0.0036
-1.5	-0.05	0.0034
-1.5	0	0.0046
-1.5	0.05	0.0039
-1.5	0.45	0.0032
-1.5	0.5	0.0101
-1.5	0.55	0.0048
-1.5	0.6	0.005
-1.5	0.8	0.0043
-1.5	0.85	0.0086
-1.5	0.9	0.011
-1.5	0.95	0.0097
-1.5	1	0.008
-1.5	1.1	0.0027
-1.45	-0.05	0.0023
-1.45	0	0.0032
-1.45	0.05	0.0026
-1.45	0.75	0.0327
-1.45	0.8	0.0322
-1.45	0.85	0.009
-1.45	0.9	0.0045
-1.4	-0.05	0.0028
-1.4	0	0.0039
-1.4	0.05	0.0032
-1.4	0.8	0.0031
-1.4	0.85	0.0085
-1.4	0.9	0.0213
-1.4	0.95	0.0883
-1.4	1	0.0079
-1.35	-0.05	0.0027
-1.35	0	0.0038
-1.35	0.05	0.0031
-1.35	0.85	0.0021
-1.35	0.9	0.0021
-1.35	1.15	0.0021
-1.3	-0.05	0.0021
-1.3	0	0.003
-1.3	0.05	0.0025
-1.1	-0.1	0.0081
-1.1	-0.05	0.6621
-1.1	0	2.7334
-1.1	0.05	0.2356
-1.1	0.1	0.0856
-1.1	0.15	0.0067
-1.1	0.45	0.0029
-1.1	0.5	0.0137
-1.1	0.55	0.0021
-1.1	0.6	0.0088
-1.1	0.65	0.0139
-1.1	0.8	0.0021
-1.1	0.85	0.0021
-1.05	-0.25	0.161
-1.05	-0.2	0.0055
-1.05	-0.05	0.0037
-1.05	0	0.0042
-1.05	0.05	0.0031
-1.05	0.8	0.012
-1.05	0.85	0.2153
-1.05	0.9	0.4779
-1.05	0.95	0.0726
-1	-0.35	0.003
-1	1.1	0.0046
-1	1.15	0.0116
-0.95	-0.45	0.0332
-0.85	-0.6	0.0437
-0.7	-0.75	0.0023
-0.65	-0.8	0.0524
-0.6	-0.85	0.3769
-0.55	-0.9	0.0083
-0.55	-0.85	0.006
-0.5	-0.9	1.1612
-0.45	-0.95	0.0037
-0.45	-0.9	0.0031
-0.4	-0.95	0.0197
-0.35	-0.95	0.0027
-0.3	-1	0.0034
-0.25	-1	0.4914
-0.2	-1	0.0029