0.1	0	0.0026
0.15	-0.05	0.0049
0.15	0	0.0064
0.15	0.05	0.005
0.2	-0.9	0.003
0.2	-0.85	0.0034
0.2	-0.8	0.0023
0.2	-0.1	0.0034
0.2	-0.05	0.0087
0.2	0	0.0114
0.2	0.05	0.0087
0.2	0.1	0.0035
0.2	0.8	0.002
0.2	0.85	0.003
0.2	0.9	0.0026
0.25	-1	0.0065
0.25	-0.95	0.0027
0.25	-0.9	0.0045
0.25	-0.85	0.005
0.25	-0.8	0.0032
0.25	-0.1	0.0046
0.25	-0.05	0.0119
0.25	0	0.0156
0.25	0.05	0.012
0.25	0.1	0.0048
0.25	0.8	0.0028
0.25	0.85	0.0041
0.25	0.9	0.0035
0.3	-1	0.6227
0.3	-0.95	0.0046
0.3	-0.9	0.0059
0.3	-0.85	0.0061
0.3	-0.8	0.0038
0.3	-0.1	0.0053
0.3	-0.05	0.0133
0.3	0	0.0176
0.3	0.05	0.0135
0.3	0.1	0.0054
0.3	0.8	0.0031
0.3	0.85	0.0046
0.3	0.9	0.004
0.35	-1	0.0021
0.35	-0.95	0.0124
0.35	-0.9	0.0069
0.35	-0.85	0.0063
0.35	-0.8	0.0038
0.35	-0.1	0.0048
0.35	-0.05	0.0123
0.35	0	0.0162
0.35	0.05	0.0125
0.35	0.1	0.0051
0.35	0.8	0.0028
0.35	0.85	0.0042
0.35	0.9	0.0036
0.4	-0.95	0.0935
0.4	-0.9	0.0077
0.4	-0.85	0.0056
0.4	-0.8	0.0031
0.4	-0.1	0.0037
0.4	-0.05	0.0093
0.4	0	0.0123
0.4	0.05	0.0094
0.4	0.1	0.0038
0.4	0.8	0.0021
0.4	0.85	0.0032
0.4	0.9	0.0027
0.45	-0.95	0.1465
0.45	-0.9	0.0093
0.45	-0.85	0.0042
0.45	-0.8	0.0021
0.45	-0.1	0.0021
0.45	-0.05	0.0054
0.45	0	0.0072
0.45	0.05	0.0056
0.45	0.1	0.0023
0.5	-0.9	0.0411
0.5	-0.85	0.0025
0.5	-0.05	0.0022
0.5	0	0.0029
0.5	0.05	0.0023
0.55	-0.9	0.0049
0.6	-0.85	0.8088
0.65	-0.85	0.0065
0.65	-0.8	0.0241
0.7	-0.8	0.0329
0.75	-0.75	0.0499
0.8	-0.7	0.0159
0.85	-0.65	0.0105
0.95	-0.5	0.0161
1	-0.45	0.0028
1.05	-0.35	0.1161
1.1	-0.25	0.0306
1.15	-0.1	0.1816
1.15	-0.05	0.0092
1.15	0	0.0053
1.15	0.05	0.0025
1.2	-0.05	0.0028
1.2	0	0.0346
1.2	0.05	0.1042
1.2	0.1	0.0061
1.25	0	0.0025
1.25	0.05	0.0038
1.25	0.1	0.0035
1.25	0.2	0.0157
1.25	0.25	0.0886
1.25	0.3	0.0091
1.3	0	0.003
1.3	0.05	0.0035
1.3	0.1	0.0023
1.3	0.45	0.0091
1.3	0.5	0.006
1.3	0.55	0.0258
1.3	0.6	0.0451
1.3	0.65	0.0119
1.3	0.8	0.0051
1.3	0.85	0.0066
1.3	0.9	0.005
1.3	0.95	0.0021
1.35	-0.05	0.0023
1.35	0	0.004
1.35	0.05	0.004
1.35	0.1	0.0023
1.35	0.6	0.0031
1.35	0.65	0.0042
1.35	0.75	0.0118
1.35	0.8	0.1693
1.35	0.85	1.2851
1.35	0.9	0.7066
1.35	0.95	0.7383
1.35	1	0.0743
1.4	-0.95	0.0021
1.4	-0.9	0.004
1.4	-0.85	0.0044
1.4	-0.8	0.0028
1.4	-0.05	0.0034
1.4	0	0.0052
1.4	0.05	0.0049
1.4	0.1	0.0025
1.4	0.8	0.0075
1.4	0.85	0.0157
1.4	0.9	0.0185
1.4	0.95	0.013
1.4	1	0.0048
1.4	1.15	0.0022
1.4	1.3	0.0204
1.45	-1.2	0.0025
1.45	-1.15	0.0356
1.45	-1.1	0.0093
1.45	-1	0.0081
1.45	-0.95	0.0186
1.45	-0.9	0.0274
1.45	-0.85	0.0256
1.45	-0.8	0.0139
1.45	-0.75	0.0036
1.45	-0.05	0.005
1.45	0	0.0071
1.45	0.05	0.006
1.45	0.1	0.0029
1.45	0.8	0.0034
1.45	0.85	0.0061
1.45	0.9	0.0064
1.45	0.95	0.0039
1.5	-1	0.004
1.5	-0.95	0.0336
1.5	-0.9	0.1244
1.5	-0.85	0.6011
1.5	-0.8	0.4607
1.5	-0.75	0.5038
1.5	-0.7	0.0028
1.5	-0.65	0.01
1.5	-0.6	0.0066
1.5	-0.1	0.0034
1.5	-0.05	0.0084
1.5	0	0.0107
1.5	0.05	0.0084
1.5	0.1	0.0037
1.5	0.8	0.002
1.5	0.85	0.0035
1.5	0.9	0.0034
1.5	1.8	0.0059
1.5	1.85	0.0217
1.55	-1.1	0.0021
1.55	-1	0.0034
1.55	-0.95	0.0084
1.55	-0.9	0.0141
1.55	-0.85	0.0153
1.55	-0.8	0.0111
1.55	-0.75	0.0042
1.55	-0.6	0.0027
1.55	-0.45	0.0342
1.55	-0.4	0.0401
1.55	-0.3	0.0341
1.55	-0.25	0.0178
1.55	-0.2	0.0035
1.55	-0.1	0.0139
1.55	-0.05	0.0264
1.55	0	0.0282
1.55	0.05	0.0184
1.55	0.1	0.007
1.55	0.85	0.0024
1.55	0.9	0.0022
1.6	-0.95	0.0034
1.6	-0.9	0.0086
1.6	-0.85	0.0172
1.6	-0.8	0.0215
1.6	-0.75	0.0338
1.6	-0.65	0.0022
1.6	-0.25	0.002
1.6	-0.15	0.0024
1.6	-0.1	0.0457
1.6	-0.05	0.1703
1.6	0	1.3737
1.6	0.05	0.6059
1.6	0.1	0.2881
1.6	0.15	0.0172
1.6	0.25	0.0023
1.65	-1	0.0031
1.65	-0.95	0.0451
1.65	-0.9	0.0754
1.65	-0.85	0.0243
1.65	-0.8	0.0086
1.65	-0.4	0.0075
1.65	-0.3	0.002
1.65	-0.25	0.0022
1.65	-0.1	0.0038
1.65	-0.05	0.0091
1.65	0	0.0124
1.65	0.05	0.0104
1.65	0.1	0.005
1.65	0.4	0.0061
1.65	0.45	0.009
1.65	0.5	0.0033
1.65	0.6	0.0021
1.65	0.8	0.0022
1.65	0.85	0.0028
1.65	0.9	0.0021
1.7	-0.95	0.003
1.7	-0.9	0.0068
1.7	-0.85	0.0086
1.7	-0.8	0.0062
1.7	-0.75	0.0022
1.7	-0.65	0.0023
1.7	-0.6	0.0027
1.7	-0.1	0.0093
1.7	-0.05	0.127
1.7	0	0.1277
1.7	0.05	0.0315
1.7	0.1	0.0067
1.7	0.8	0.0062
1.7	0.85	0.0194
1.7	0.9	0.0533
1.7	0.95	0.0363
1.7	1	0.0025
1.75	0.3	0.0023
1.8	-0.05	0.0058
1.8	0	0.0103
1.8	0.05	0.0076
1.8	0.1	0.0028
1.8	0.75	0.003
1.8	0.8	0.0032
1.85	-0.95	0.0041
1.85	-0.9	0.0075
1.85	-0.85	0.0079
1.85	-0.8	0.0049
1.85	-0.25	0.002
1.85	-0.1	0.0124
1.85	-0.05	0.0272
1.85	0	0.0313
1.85	0.05	0.0197
1.85	0.1	0.0058
1.85	0.85	0.0027
1.85	0.9	0.0033
1.85	0.95	0.0026
1.85	1	0.0025
1.9	-0.95	0.0069
1.9	-0.9	0.0135
1.9	-0.85	0.0151
1.9	-0.8	0.0095
1.9	-0.75	0.0025
1.9	-0.3	0.0023
1.9	-0.25	0.0037
1.9	-0.1	0.0183
1.9	-0.05	0.0439
1.9	0	0.0561
1.9	0.05	0.0422
1.9	0.1	0.0162
1.9	0.25	0.0036
1.9	0.65	0.0032
1.9	0.75	0.0058
1.9	0.8	0.013
1.9	0.85	0.0067
1.9	0.9	0.0031
1.95	-0.95	0.0071
1.95	-0.9	0.0145
1.95	-0.85	0.0166
1.95	-0.8	0.0106
1.95	-0.75	0.0027
1.95	-0.3	0.0026
1.95	-0.25	0.0046
1.95	-0.1	0.019
1.95	-0.05	0.047
1.95	0	0.0597
1.95	0.05	0.0441
1.95	0.1	0.0168
1.95	0.25	0.0039
1.95	0.6	0.0036
1.95	0.65	0.0028
1.95	0.75	0.0024
1.95	0.8	0.0038
1.95	0.85	0.0049
1.95	0.9	0.0048
1.95	0.95	0.0047
2	-0.95	0.0049
2	-0.9	0.0102
2	-0.85	0.0118
2	-0.8	0.0075
2	-0.25	0.0035
2	-0.1	0.0136
2	-0.05	0.0347
2	0	0.0449
2	0.05	0.0334
2	0.1	0.0125
2	0.25	0.003
2	0.6	0.0021
2	0.75	0.0025
2	0.8	0.0101
2	0.85	0.0161
2	0.9	0.0151
2	0.95	0.0085
2.05	-0.95	0.0024
2.05	-0.9	0.0049
2.05	-0.85	0.0057
2.05	-0.8	0.0037
2.05	-0.1	0.0065
2.05	-0.05	0.0171
2.05	0	0.0222
2.05	0.05	0.0166
2.05	0.1	0.0063
2.05	0.8	0.0044
2.05	0.85	0.0068
2.05	0.9	0.0058
2.05	0.95	0.0027
2.1	-0.95	0.0033
2.1	-0.9	0.0065
2.1	-0.85	0.0074
2.1	-0.8	0.0049
2.1	-0.1	0.0094
2.1	-0.05	0.0228
2.1	0	0.0286
2.1	0.05	0.0215
2.1	0.1	0.009
2.1	0.8	0.0059
2.1	0.85	0.0085
2.1	0.9	0.0073
2.1	0.95	0.0035
2.15	-1	0.0023
2.15	-0.95	0.0103
2.15	-0.9	0.0206
2.15	-0.85	0.0239
2.15	-0.8	0.0161
2.15	-0.75	0.0047
2.15	-0.45	0.0024
2.15	-0.3	0.0029
2.15	-0.25	0.005
2.15	-0.15	0.0035
2.15	-0.1	0.0286
2.15	-0.05	0.0689
2.15	0	0.0885
2.15	0.05	0.0673
2.15	0.1	0.0278
2.15	0.15	0.0035
2.15	0.25	0.0033
2.15	0.4	0.002
2.15	0.45	0.0023
2.15	0.6	0.0032
2.15	0.65	0.0022
2.15	0.75	0.0058
2.15	0.8	0.0185
2.15	0.85	0.0272
2.15	0.9	0.0228
2.15	0.95	0.0111
2.15	1	0.0024
2.2	-1	0.0045
2.2	-0.95	0.0206
2.2	-0.9	0.0421
2.2	-0.85	0.0491
2.2	-0.8	0.0331
2.2	-0.75	0.0099
2.2	-0.65	0.0032
2.2	-0.6	0.0042
2.2	-0.45	0.0045
2.2	-0.4	0.0027
2.2	-0.3	0.0061
2.2	-0.25	0.0107
2.2	-0.2	0.0031
2.2	-0.15	0.0057
2.2	-0.1	0.0587
2.2	-0.05	0.1415
2.2	0	0.1847
2.2	0.05	0.1418
2.2	0.1	0.0574
2.2	0.15	0.0067
2.2	0.2	0.002
2.2	0.25	0.0081
2.2	0.3	0.0039
2.2	0.4	0.0037
2.2	0.45	0.0046
2.2	0.6	0.0068
2.2	0.65	0.0048
2.2	0.75	0.0111
2.2	0.8	0.0388
2.2	0.85	0.0579
2.2	0.9	0.0493
2.2	0.95	0.0241
2.2	1	0.0052
2.25	-1	0.0057
2.25	-0.95	0.0273
2.25	-0.9	0.0558
2.25	-0.85	0.0653
2.25	-0.8	0.0442
2.25	-0.75	0.013
2.25	-0.65	0.0046
2.25	-0.6	0.0061
2.25	-0.45	0.006
2.25	-0.4	0.0037
2.25	-0.3	0.0079
2.25	-0.25	0.0149
2.25	-0.2	0.0043
2.25	-0.15	0.0083
2.25	-0.1	0.0766
2.25	-0.05	0.1914
2.25	0	0.2497
2.25	0.05	0.1926
2.25	0.1	0.079
2.25	0.15	0.0088
2.25	0.2	0.0032
2.25	0.25	0.0119
2.25	0.3	0.0058
2.25	0.4	0.0046
2.25	0.45	0.0061
2.25	0.55	0.0021
2.25	0.6	0.0087
2.25	0.65	0.0066
2.25	0.75	0.0143
2.25	0.8	0.0505
2.25	0.85	0.077
2.25	0.9	0.0664
2.25	0.95	0.0331
2.25	1	0.0071
2.3	-1	0.0047
2.3	-0.95	0.023
2.3	-0.9	0.0476
2.3	-0.85	0.0559
2.3	-0.8	0.0378
2.3	-0.75	0.0112
2.3	-0.65	0.004
2.3	-0.6	0.0054
2.3	-0.45	0.0048
2.3	-0.4	0.0032
2.3	-0.3	0.0065
2.3	-0.25	0.0121
2.3	-0.2	0.0038
2.3	-0.15	0.0058
2.3	-0.1	0.0635
2.3	-0.05	0.1585
2.3	0	0.2102
2.3	0.05	0.1634
2.3	0.1	0.0678
2.3	0.15	0.0079
2.3	0.2	0.0027
2.3	0.25	0.0105
2.3	0.3	0.0054
2.3	0.4	0.0038
2.3	0.45	0.0051
2.3	0.6	0.0073
2.3	0.65	0.0055
2.3	0.75	0.0112
2.3	0.8	0.0409
2.3	0.85	0.0625
2.3	0.9	0.0547
2.3	0.95	0.0271
2.3	1	0.0061
2.35	-0.95	0.009
2.35	-0.9	0.0183
2.35	-0.85	0.0222
2.35	-0.8	0.0152
2.35	-0.75	0.0045
2.35	-0.6	0.0022
2.35	-0.3	0.0026
2.35	-0.25	0.0048
2.35	-0.1	0.0236
2.35	-0.05	0.061
2.35	0	0.0808
2.35	0.05	0.0628
2.35	0.1	0.0266
2.35	0.15	0.0034
2.35	0.25	0.0041
2.35	0.3	0.0022
2.35	0.6	0.0029
2.35	0.65	0.0023
2.35	0.75	0.0046
2.35	0.8	0.0162
2.35	0.85	0.0246
2.35	0.9	0.0215
2.35	0.95	0.0105
2.35	1	0.0024
2.4	0	0.0026
2.45	-1	0.004
2.45	-0.95	0.0205
2.45	-0.9	0.0402
2.45	-0.85	0.0468
2.45	-0.8	0.0314
2.45	-0.75	0.008
2.45	-0.65	0.0042
2.45	-0.6	0.0051
2.45	-0.45	0.0053
2.45	-0.4	0.0036
2.45	-0.3	0.0052
2.45	-0.25	0.0106
2.45	-0.2	0.0029
2.45	-0.15	0.0055
2.45	-0.1	0.0559
2.45	-0.05	0.1373
2.45	0	0.1828
2.45	0.05	0.1359
2.45	0.1	0.0539
2.45	0.15	0.006
2.45	0.2	0.0032
2.45	0.25	0.0101
2.45	0.3	0.0047
2.45	0.4	0.0039
2.45	0.45	0.0055
2.45	0.6	0.0059
2.45	0.65	0.0048
2.45	0.75	0.0098
2.45	0.8	0.0364
2.45	0.85	0.0549
2.45	0.9	0.0475
2.45	0.95	0.0234
2.45	1	0.0045
2.5	-1.15	0.0037
2.5	-1.1	0.0041
2.5	-1	0.0176
2.5	-0.95	0.0846
2.5	-0.9	0.1764
2.5	-0.85	0.2053
2.5	-0.8	0.1374
2.5	-0.75	0.0387
2.5	-0.65	0.0176
2.5	-0.6	0.0217
2.5	-0.55	0.0038
2.5	-0.5	0.0047
2.5	-0.45	0.0208
2.5	-0.4	0.0148
2.5	-0.3	0.0218
2.5	-0.25	0.0435
2.5	-0.2	0.0141
2.5	-0.15	0.0223
2.5	-0.1	0.2381
2.5	-0.05	0.5848
2.5	0	0.7776
2.5	0.05	0.5933
2.5	0.1	0.2435
2.5	0.15	0.023
2.5	0.2	0.0133
2.5	0.25	0.0435
2.5	0.3	0.0217
2.5	0.4	0.0164
2.5	0.45	0.0224
2.5	0.5	0.0049
2.5	0.55	0.0047
2.5	0.6	0.0257
2.5	0.65	0.0198
2.5	0.75	0.0417
2.5	0.8	0.1526
2.5	0.85	0.2312
2.5	0.9	0.2004
2.5	0.95	0.0977
2.5	1	0.0202
2.5	1.1	0.0046
2.5	1.15	0.0042
2.55	-1.3	0.0023
2.55	-1.15	0.0085
2.55	-1.1	0.009
2.55	-1	0.038
2.55	-0.95	0.193
2.55	-0.9	0.399
2.55	-0.85	0.4692
2.55	-0.8	0.3125
2.55	-0.75	0.0893
2.55	-0.7	0.002
2.55	-0.65	0.0396
2.55	-0.6	0.0506
2.55	-0.55	0.0095
2.55	-0.5	0.0103
2.55	-0.45	0.0477
2.55	-0.4	0.0327
2.55	-0.3	0.0483
2.55	-0.25	0.0988
2.55	-0.2	0.0312
2.55	-0.15	0.0527
2.55	-0.1	0.5164
2.55	-0.05	1.3199
2.55	0	1.7231
2.55	0.05	1.329
2.55	0.1	0.5384
2.55	0.15	0.0521
2.55	0.2	0.0302
2.55	0.25	0.0998
2.55	0.3	0.0492
2.55	0.4	0.0359
2.55	0.45	0.0517
2.55	0.5	0.0107
2.55	0.55	0.0116
2.55	0.6	0.0582
2.55	0.65	0.0466
2.55	0.75	0.0967
2.55	0.8	0.3476
2.55	0.85	0.5249
2.55	0.9	0.4506
2.55	0.95	0.2205
2.55	1	0.0449
2.55	1.1	0.0101
2.55	1.15	0.0095
2.55	1.3	0.0028
2.6	-1.8	0.0022
2.6	-1.3	0.0037
2.6	-1.15	0.0135
2.6	-1.1	0.015
2.6	-1	0.0643
2.6	-0.95	0.3111
2.6	-0.9	0.6454
2.6	-0.85	0.756
2.6	-0.8	0.5089
2.6	-0.75	0.1435
2.6	-0.7	0.002
2.6	-0.65	0.0635
2.6	-0.6	0.083
2.6	-0.55	0.015
2.6	-0.5	0.0163
2.6	-0.45	0.0766
2.6	-0.4	0.0542
2.6	-0.3	0.0783
2.6	-0.25	0.1583
2.6	-0.2	0.0502
2.6	-0.15	0.0809
2.6	-0.1	0.8422
2.6	-0.05	2.1191
2.6	0	2.8169
2.6	0.05	2.1535
2.6	0.1	0.8863
2.6	0.15	0.0903
2.6	0.2	0.0473
2.6	0.25	0.1577
2.6	0.3	0.0795
2.6	0.4	0.057
2.6	0.45	0.0811
2.6	0.5	0.0179
2.6	0.55	0.0169
2.6	0.6	0.0932
2.6	0.65	0.0749
2.6	0.7	0.0028
2.6	0.75	0.1552
2.6	0.8	0.5694
2.6	0.85	0.8618
2.6	0.9	0.7457
2.6	0.95	0.3653
2.6	1	0.0754
2.6	1.1	0.0167
2.6	1.15	0.0154
2.6	1.2	0.0024
2.6	1.3	0.0045
2.6	1.35	0.0021
2.6	1.8	0.0028
2.65	-1.8	0.0028
2.65	-1.35	0.0022
2.65	-1.3	0.0048
2.65	-1.2	0.0022
2.65	-1.15	0.0174
2.65	-1.1	0.0188
2.65	-1	0.0787
2.65	-0.95	0.3988
2.65	-0.9	0.822
2.65	-0.85	0.9718
2.65	-0.8	0.6497
2.65	-0.75	0.1865
2.65	-0.7	0.0043
2.65	-0.65	0.0832
2.65	-0.6	0.107
2.65	-0.55	0.0216
2.65	-0.5	0.0201
2.65	-0.45	0.0993
2.65	-0.4	0.0692
2.65	-0.35	0.0028
2.65	-0.3	0.1002
2.65	-0.25	0.2068
2.65	-0.2	0.0659
2.65	-0.15	0.1092
2.65	-0.1	1.0835
2.65	-0.05	2.759
2.65	0	3.6213
2.65	0.05	2.8022
2.65	0.1	1.1257
2.65	0.15	0.1205
2.65	0.2	0.0615
2.65	0.25	0.2078
2.65	0.3	0.1031
2.65	0.35	0.0036
2.65	0.4	0.0722
2.65	0.45	0.1059
2.65	0.5	0.0223
2.65	0.55	0.0229
2.65	0.6	0.1183
2.65	0.65	0.0956
2.65	0.7	0.0048
2.65	0.75	0.2006
2.65	0.8	0.7262
2.65	0.85	1.1111
2.65	0.9	0.9586
2.65	0.95	0.4709
2.65	1	0.0963
2.65	1.1	0.0214
2.65	1.15	0.0204
2.65	1.2	0.0028
2.65	1.3	0.0057
2.65	1.35	0.0027
2.65	1.8	0.0036
2.65	1.85	0.0025
2.7	-1.85	0.002
2.7	-1.8	0.003
2.7	-1.35	0.0024
2.7	-1.3	0.0052
2.7	-1.2	0.0026
2.7	-1.15	0.0183
2.7	-1.1	0.0205
2.7	-1	0.0871
2.7	-0.95	0.4214
2.7	-0.9	0.8769
2.7	-0.85	1.0283
2.7	-0.8	0.689
2.7	-0.75	0.1932
2.7	-0.7	0.0041
2.7	-0.65	0.087
2.7	-0.6	0.1139
2.7	-0.55	0.0213
2.7	-0.5	0.0216
2.7	-0.45	0.1021
2.7	-0.4	0.074
2.7	-0.3	0.1047
2.7	-0.25	0.2152
2.7	-0.2	0.0685
2.7	-0.15	0.1118
2.7	-0.1	1.1539
2.7	-0.05	2.922
2.7	0	3.8737
2.7	0.05	2.9759
2.7	0.1	1.2156
2.7	0.15	0.1201
2.7	0.2	0.0655
2.7	0.25	0.2193
2.7	0.3	0.1124
2.7	0.4	0.0764
2.7	0.45	0.1104
2.7	0.5	0.024
2.7	0.55	0.0222
2.7	0.6	0.1232
2.7	0.65	0.0993
2.7	0.7	0.0026
2.7	0.75	0.2068
2.7	0.8	0.7559
2.7	0.85	1.1557
2.7	0.9	1.0078
2.7	0.95	0.495
2.7	1	0.1057
2.7	1.1	0.0232
2.7	1.15	0.0216
2.7	1.2	0.0032
2.7	1.3	0.0062
2.7	1.35	0.0029
2.7	1.8	0.0037
2.7	1.85	0.0026
2.7	2.55	0.002
2.75	-1.8	0.0026
2.75	-1.35	0.0021
2.75	-1.3	0.0045
2.75	-1.2	0.002
2.75	-1.15	0.0161
2.75	-1.1	0.0176
2.75	-1	0.0739
2.75	-0.95	0.3722
2.75	-0.9	0.7731
2.75	-0.85	0.9142
2.75	-0.8	0.6099
2.75	-0.75	0.1754
2.75	-0.7	0.0029
2.75	-0.65	0.0788
2.75	-0.6	0.1007
2.75	-0.55	0.0208
2.75	-0.5	0.0182
2.75	-0.45	0.0913
2.75	-0.4	0.0644
2.75	-0.35	0.0035
2.75	-0.3	0.0905
2.75	-0.25	0.1888
2.75	-0.2	0.0618
2.75	-0.15	0.0934
2.75	-0.1	0.9924
2.75	-0.05	2.5415
2.75	0	3.351
2.75	0.05	2.6117
2.75	0.1	1.0572
2.75	0.15	0.115
2.75	0.2	0.0589
2.75	0.25	0.1989
2.75	0.3	0.0999
2.75	0.35	0.0029
2.75	0.4	0.0671
2.75	0.45	0.1
2.75	0.5	0.0217
2.75	0.55	0.0197
2.75	0.6	0.1095
2.75	0.65	0.0886
2.75	0.7	0.005
2.75	0.75	0.1826
2.75	0.8	0.6607
2.75	0.85	1.0089
2.75	0.9	0.8706
2.75	0.95	0.4301
2.75	1	0.0885
2.75	1.1	0.0198
2.75	1.15	0.0191
2.75	1.2	0.0027
2.75	1.3	0.0054
2.75	1.35	0.0026
2.75	1.8	0.0033
2.75	1.85	0.0023
2.8	-1.3	0.0033
2.8	-1.15	0.0115
2.8	-1.1	0.0131
2.8	-1	0.0545
2.8	-0.95	0.2669
2.8	-0.9	0.5565
2.8	-0.85	0.6561
2.8	-0.8	0.4437
2.8	-0.75	0.1233
2.8	-0.7	0.0021
2.8	-0.65	0.0565
2.8	-0.6	0.0748
2.8	-0.55	0.0143
2.8	-0.5	0.0135
2.8	-0.45	0.0654
2.8	-0.4	0.0479
2.8	-0.3	0.0652
2.8	-0.25	0.1357
2.8	-0.2	0.0439
2.8	-0.15	0.0633
2.8	-0.1	0.7109
2.8	-0.05	1.8076
2.8	0	2.4071
2.8	0.05	1.8642
2.8	0.1	0.7601
2.8	0.15	0.0735
2.8	0.2	0.0426
2.8	0.25	0.1406
2.8	0.3	0.0727
2.8	0.4	0.0485
2.8	0.45	0.0712
2.8	0.5	0.0159
2.8	0.55	0.0136
2.8	0.6	0.0785
2.8	0.65	0.0648
2.8	0.75	0.1298
2.8	0.8	0.4757
2.8	0.85	0.7282
2.8	0.9	0.6331
2.8	0.95	0.3103
2.8	1	0.0667
2.8	1.1	0.0146
2.8	1.15	0.0138
2.8	1.2	0.0021
2.8	1.3	0.0038
2.8	1.8	0.0024
2.85	-1.15	0.0066
2.85	-1.1	0.0075
2.85	-1	0.029
2.85	-0.95	0.1508
2.85	-0.9	0.3115
2.85	-0.85	0.3708
2.85	-0.8	0.2496
2.85	-0.75	0.0707
2.85	-0.65	0.0329
2.85	-0.6	0.0426
2.85	-0.55	0.009
2.85	-0.5	0.0072
2.85	-0.45	0.038
2.85	-0.4	0.0271
2.85	-0.3	0.0367
2.85	-0.25	0.0782
2.85	-0.2	0.0262
2.85	-0.15	0.0376
2.85	-0.1	0.3955
2.85	-0.05	1.0159
2.85	0	1.3506
2.85	0.05	1.0526
2.85	0.1	0.423
2.85	0.15	0.0454
2.85	0.2	0.0232
2.85	0.25	0.0818
2.85	0.3	0.0407
2.85	0.4	0.0272
2.85	0.45	0.041
2.85	0.5	0.0096
2.85	0.55	0.0084
2.85	0.6	0.0447
2.85	0.65	0.0368
2.85	0.75	0.0704
2.85	0.8	0.2678
2.85	0.85	0.4118
2.85	0.9	0.3558
2.85	0.95	0.1778
2.85	1	0.0369
2.85	1.1	0.0082
2.85	1.15	0.008
2.85	1.3	0.0022
2.9	-1.15	0.0027
2.9	-1.1	0.0032
2.9	-1	0.0106
2.9	-0.95	0.0578
2.9	-0.9	0.1225
2.9	-0.85	0.1456
2.9	-0.8	0.098
2.9	-0.75	0.0277
2.9	-0.65	0.013
2.9	-0.6	0.0171
2.9	-0.55	0.0036
2.9	-0.5	0.003
2.9	-0.45	0.0151
2.9	-0.4	0.0115
2.9	-0.3	0.0148
2.9	-0.25	0.0319
2.9	-0.2	0.0113
2.9	-0.15	0.013
2.9	-0.1	0.1565
2.9	-0.05	0.4044
2.9	0	0.5407
2.9	0.05	0.4217
2.9	0.1	0.1777
2.9	0.15	0.0163
2.9	0.2	0.0093
2.9	0.25	0.0323
2.9	0.3	0.0173
2.9	0.4	0.0107
2.9	0.45	0.0163
2.9	0.5	0.0038
2.9	0.55	0.0029
2.9	0.6	0.0175
2.9	0.65	0.0151
2.9	0.75	0.0259
2.9	0.8	0.1021
2.9	0.85	0.1618
2.9	0.9	0.1419
2.9	0.95	0.0707
2.9	1	0.0157
2.9	1.1	0.0033
2.9	1.15	0.0032
2.95	-0.95	0.0103
2.95	-0.9	0.023
2.95	-0.85	0.0287
2.95	-0.8	0.0193
2.95	-0.75	0.0057
2.95	-0.65	0.0026
2.95	-0.6	0.0034
2.95	-0.45	0.0031
2.95	-0.4	0.0025
2.95	-0.3	0.0028
2.95	-0.25	0.0067
2.95	-0.2	0.0028
2.95	-0.1	0.0274
2.95	-0.05	0.0752
2.95	0	0.1011
2.95	0.05	0.0817
2.95	0.1	0.0355
2.95	0.15	0.0037
2.95	0.25	0.0067
2.95	0.3	0.0034
2.95	0.4	0.0021
2.95	0.45	0.0034
2.95	0.6	0.0036
2.95	0.65	0.0033
2.95	0.75	0.0041
2.95	0.8	0.0186
2.95	0.85	0.0301
2.95	0.9	0.0272
2.95	0.95	0.0138
2.95	1	0.003
3.05	-0.95	0.0078
3.05	-0.9	0.0149
3.05	-0.85	0.0166
3.05	-0.8	0.0104
3.05	-0.75	0.0028
3.05	-0.25	0.0028
3.05	-0.15	0.0032
3.05	-0.1	0.0222
3.05	-0.05	0.0505
3.05	0	0.0623
3.05	0.05	0.0459
3.05	0.1	0.0175
3.05	0.25	0.0035
3.05	0.75	0.0046
3.05	0.8	0.0141
3.05	0.85	0.0197
3.05	0.9	0.0161
3.05	0.95	0.0075
3.1	-1	0.0034
3.1	-0.95	0.0146
3.1	-0.9	0.0287
3.1	-0.85	0.0325
3.1	-0.8	0.021
3.1	-0.75	0.0054
3.1	-0.65	0.003
3.1	-0.6	0.0037
3.1	-0.45	0.0031
3.1	-0.4	0.0021
3.1	-0.3	0.0034
3.1	-0.25	0.0062
3.1	-0.15	0.0052
3.1	-0.1	0.0415
3.1	-0.05	0.0976
3.1	0	0.1227
3.1	0.05	0.0912
3.1	0.1	0.0351
3.1	0.15	0.0027
3.1	0.2	0.0025
3.1	0.25	0.0072
3.1	0.3	0.0034
3.1	0.4	0.0024
3.1	0.45	0.0032
3.1	0.6	0.0038
3.1	0.65	0.0026
3.1	0.75	0.0082
3.1	0.8	0.0264
3.1	0.85	0.0385
3.1	0.9	0.0319
3.1	0.95	0.0152
3.1	1	0.003
3.15	-1	0.003
3.15	-0.95	0.0134
3.15	-0.9	0.0264
3.15	-0.85	0.0301
3.15	-0.8	0.0192
3.15	-0.75	0.0051
3.15	-0.65	0.003
3.15	-0.6	0.0034
3.15	-0.45	0.0029
3.15	-0.3	0.0032
3.15	-0.25	0.0059
3.15	-0.15	0.0044
3.15	-0.1	0.0374
3.15	-0.05	0.089
3.15	0	0.1134
3.15	0.05	0.0847
3.15	0.1	0.0325
3.15	0.15	0.0029
3.15	0.2	0.0025
3.15	0.25	0.0071
3.15	0.3	0.0033
3.15	0.4	0.0022
3.15	0.45	0.0031
3.15	0.6	0.0037
3.15	0.65	0.0026
3.15	0.75	0.0071
3.15	0.8	0.024
3.15	0.85	0.035
3.15	0.9	0.0292
3.15	0.95	0.0138
3.15	1	0.0027
3.2	-0.95	0.0068
3.2	-0.9	0.0134
3.2	-0.85	0.0151
3.2	-0.8	0.0096
3.2	-0.75	0.0024
3.2	-0.25	0.0032
3.2	-0.15	0.0022
3.2	-0.1	0.0187
3.2	-0.05	0.0452
3.2	0	0.0573
3.2	0.05	0.0427
3.2	0.1	0.0164
3.2	0.25	0.0037
3.2	0.75	0.0035
3.2	0.8	0.012
3.2	0.85	0.0178
3.2	0.9	0.0148
3.2	0.95	0.0069
3.25	-0.9	0.0029
3.25	-0.85	0.0033
3.25	-0.8	0.0021
3.25	-0.1	0.0039
3.25	-0.05	0.01
3.25	0	0.0126
3.25	0.05	0.0094
3.25	0.1	0.0039
3.25	0.8	0.0027
3.25	0.85	0.0042
3.25	0.9	0.0036
3.3	-0.9	0.0028
3.3	-0.85	0.0034
3.3	-0.8	0.0025
3.3	-0.1	0.0033
3.3	-0.05	0.0088
3.3	0	0.012
3.3	0.05	0.0098
3.3	0.1	0.0045
3.3	0.8	0.0023
3.3	0.85	0.0038
3.3	0.9	0.0034
3.35	-0.95	0.0049
3.35	-0.9	0.01
3.35	-0.85	0.0119
3.35	-0.8	0.0082
3.35	-0.75	0.0025
3.35	-0.25	0.002
3.35	-0.1	0.0128
3.35	-0.05	0.032
3.35	0	0.0425
3.35	0.05	0.0333
3.35	0.1	0.0142
3.35	0.75	0.0023
3.35	0.8	0.0084
3.35	0.85	0.0127
3.35	0.9	0.0112
3.35	0.95	0.0057
3.4	-0.95	0.008
3.4	-0.9	0.0164
3.4	-0.85	0.0191
3.4	-0.8	0.0129
3.4	-0.75	0.0038
3.4	-0.25	0.0035
3.4	-0.15	0.0024
3.4	-0.1	0.0214
3.4	-0.05	0.0531
3.4	0	0.0692
3.4	0.05	0.0535
3.4	0.1	0.0219
3.4	0.15	0.0024
3.4	0.25	0.0036
3.4	0.75	0.004
3.4	0.8	0.0137
3.4	0.85	0.0208
3.4	0.9	0.0179
3.4	0.95	0.0089
3.45	-0.95	0.0081
3.45	-0.9	0.0163
3.45	-0.85	0.019
3.45	-0.8	0.0126
3.45	-0.75	0.0036
3.45	-0.25	0.0035
3.45	-0.15	0.0021
3.45	-0.1	0.0212
3.45	-0.05	0.0523
3.45	0	0.0684
3.45	0.05	0.0524
3.45	0.1	0.0213
3.45	0.15	0.0023
3.45	0.25	0.0038
3.45	0.6	0.002
3.45	0.75	0.0038
3.45	0.8	0.0136
3.45	0.85	0.0203
3.45	0.9	0.0175
3.45	0.95	0.0086
3.5	-0.95	0.0051
3.5	-0.9	0.0104
3.5	-0.85	0.012
3.5	-0.8	0.008
3.5	-0.75	0.0022
3.5	-0.25	0.0023
3.5	-0.1	0.0136
3.5	-0.05	0.0333
3.5	0	0.0431
3.5	0.05	0.0331
3.5	0.1	0.0132
3.5	0.25	0.0025
3.5	0.75	0.0024
3.5	0.8	0.0086
3.5	0.85	0.0131
3.5	0.9	0.0111
3.5	0.95	0.0054
3.55	-0.9	0.0036
3.55	-0.85	0.0042
3.55	-0.8	0.0027
3.55	-0.1	0.0046
3.55	-0.05	0.0115
3.55	0	0.0149
3.55	0.05	0.0115
3.55	0.1	0.0046
3.55	0.8	0.003
3.55	0.85	0.0045
3.55	0.9	0.0039
3.65	-0.05	0.0025
3.65	0	0.0032
3.65	0.05	0.0023
3.7	-0.9	0.0031
3.7	-0.85	0.0034
3.7	-0.8	0.0021
3.7	-0.1	0.004
3.7	-0.05	0.0097
3.7	0	0.0122
3.7	0.05	0.0088
3.7	0.1	0.0031
3.7	0.8	0.0025
3.7	0.85	0.0036
3.7	0.9	0.0029
3.75	-0.95	0.0022
3.75	-0.9	0.0043
3.75	-0.85	0.0047
3.75	-0.8	0.0028
3.75	-0.1	0.0058
3.75	-0.05	0.0137
3.75	0	0.017
3.75	0.05	0.012
3.75	0.1	0.0041
3.75	0.8	0.0035
3.75	0.85	0.005
3.75	0.9	0.0041
3.8	-0.9	0.0037
3.8	-0.85	0.0039
3.8	-0.8	0.0022
3.8	-0.1	0.0051
3.8	-0.05	0.0118
3.8	0	0.0142
3.8	0.05	0.0097
3.8	0.1	0.003
3.8	0.8	0.003
3.8	0.85	0.0043
3.8	0.9	0.0033
3.85	-0.9	0.0022
3.85	-0.85	0.0021
3.85	-0.1	0.0032
3.85	-0.05	0.0069
3.85	0	0.008
3.85	0.05	0.005
3.85	0.85	0.0024
3.9	-0.05	0.003
3.9	0	0.003
4.9	-0.9	0.0036
4.9	-0.85	0.0039
4.9	-0.8	0.0024
4.9	-0.1	0.0057
4.9	-0.05	0.0119
4.9	0	0.0143
4.9	0.05	0.0103
4.9	0.1	0.0038
4.9	0.8	0.0034
4.9	0.85	0.0044
4.9	0.9	0.0035
4.95	-0.95	0.0057
4.95	-0.9	0.0107
4.95	-0.85	0.012
4.95	-0.8	0.0077
4.95	-0.75	0.0022
4.95	-0.15	0.0027
4.95	-0.1	0.0164
4.95	-0.05	0.0355
4.95	0	0.0432
4.95	0.05	0.032
4.95	0.1	0.0123
4.95	0.25	0.0022
4.95	0.75	0.0035
4.95	0.8	0.0097
4.95	0.85	0.0134
4.95	0.9	0.0108
4.95	0.95	0.005
5	-1	0.003
5	-0.95	0.0117
5	-0.9	0.0221
5	-0.85	0.0247
5	-0.8	0.016
5	-0.75	0.0043
5	-0.6	0.0024
5	-0.25	0.0031
5	-0.15	0.0051
5	-0.1	0.0326
5	-0.05	0.0716
5	0	0.0889
5	0.05	0.0656
5	0.1	0.0258
5	0.15	0.0026
5	0.25	0.0045
5	0.3	0.0022
5	0.45	0.002
5	0.75	0.0068
5	0.8	0.0196
5	0.85	0.0271
5	0.9	0.0223
5	0.95	0.0105
5	1	0.0022
5.05	-1	0.0044
5.05	-0.95	0.018
5.05	-0.9	0.0345
5.05	-0.85	0.0388
5.05	-0.8	0.0252
5.05	-0.75	0.0071
5.05	-0.65	0.003
5.05	-0.6	0.0038
5.05	-0.45	0.0033
5.05	-0.4	0.0022
5.05	-0.3	0.003
5.05	-0.25	0.0052
5.05	-0.15	0.008
5.05	-0.1	0.0501
5.05	-0.05	0.1118
5.05	0	0.1385
5.05	0.05	0.1032
5.05	0.1	0.0404
5.05	0.15	0.0044
5.05	0.2	0.0021
5.05	0.25	0.007
5.05	0.3	0.0034
5.05	0.4	0.0023
5.05	0.45	0.0032
5.05	0.6	0.0031
5.05	0.75	0.0105
5.05	0.8	0.0304
5.05	0.85	0.0427
5.05	0.9	0.035
5.05	0.95	0.0168
5.05	1	0.0033
5.1	-1	0.0057
5.1	-0.95	0.0226
5.1	-0.9	0.0437
5.1	-0.85	0.049
5.1	-0.8	0.0318
5.1	-0.75	0.0089
5.1	-0.65	0.0037
5.1	-0.6	0.0048
5.1	-0.45	0.0041
5.1	-0.4	0.0028
5.1	-0.3	0.0039
5.1	-0.25	0.0068
5.1	-0.15	0.0095
5.1	-0.1	0.0632
5.1	-0.05	0.1414
5.1	0	0.1768
5.1	0.05	0.131
5.1	0.1	0.0521
5.1	0.15	0.0053
5.1	0.2	0.0027
5.1	0.25	0.0088
5.1	0.3	0.0044
5.1	0.4	0.003
5.1	0.45	0.0041
5.1	0.6	0.0041
5.1	0.65	0.0026
5.1	0.75	0.013
5.1	0.8	0.0382
5.1	0.85	0.0534
5.1	0.9	0.0444
5.1	0.95	0.0211
5.1	1	0.0044
5.15	-1	0.0056
5.15	-0.95	0.0235
5.15	-0.9	0.0451
5.15	-0.85	0.051
5.15	-0.8	0.0331
5.15	-0.75	0.0092
5.15	-0.65	0.0039
5.15	-0.6	0.0049
5.15	-0.45	0.0044
5.15	-0.4	0.0029
5.15	-0.3	0.0042
5.15	-0.25	0.0076
5.15	-0.15	0.0101
5.15	-0.1	0.0648
5.15	-0.05	0.1465
5.15	0	0.1824
5.15	0.05	0.1363
5.15	0.1	0.0533
5.15	0.15	0.0056
5.15	0.2	0.0028
5.15	0.25	0.0092
5.15	0.3	0.0045
5.15	0.4	0.0032
5.15	0.45	0.0044
5.15	0.6	0.0045
5.15	0.65	0.0029
5.15	0.75	0.0135
5.15	0.8	0.0394
5.15	0.85	0.0555
5.15	0.9	0.0457
5.15	0.95	0.0219
5.15	1	0.0044
5.2	-1	0.0048
5.2	-0.95	0.0198
5.2	-0.9	0.0384
5.2	-0.85	0.043
5.2	-0.8	0.0278
5.2	-0.75	0.0076
5.2	-0.65	0.0033
5.2	-0.6	0.0042
5.2	-0.45	0.0037
5.2	-0.4	0.0025
5.2	-0.3	0.0038
5.2	-0.25	0.0066
5.2	-0.15	0.0084
5.2	-0.1	0.0555
5.2	-0.05	0.1238
5.2	0	0.1551
5.2	0.05	0.1147
5.2	0.1	0.0454
5.2	0.15	0.0044
5.2	0.2	0.0025
5.2	0.25	0.0077
5.2	0.3	0.0037
5.2	0.4	0.0028
5.2	0.45	0.0037
5.2	0.6	0.0039
5.2	0.65	0.0026
5.2	0.75	0.0114
5.2	0.8	0.0334
5.2	0.85	0.0468
5.2	0.9	0.0388
5.2	0.95	0.0183
5.2	1	0.0038
5.25	-1	0.0032
5.25	-0.95	0.0133
5.25	-0.9	0.0255
5.25	-0.85	0.0287
5.25	-0.8	0.0185
5.25	-0.75	0.0051
5.25	-0.65	0.0023
5.25	-0.6	0.0028
5.25	-0.45	0.0026
5.25	-0.3	0.0026
5.25	-0.25	0.0047
5.25	-0.15	0.006
5.25	-0.1	0.0368
5.25	-0.05	0.0827
5.25	0	0.1023
5.25	0.05	0.0757
5.25	0.1	0.0294
5.25	0.15	0.003
5.25	0.25	0.0053
5.25	0.3	0.0024
5.25	0.45	0.0025
5.25	0.6	0.0028
5.25	0.75	0.0077
5.25	0.8	0.0226
5.25	0.85	0.0314
5.25	0.9	0.0257
5.25	0.95	0.0123
5.25	1	0.0023
5.3	-0.95	0.0064
5.3	-0.9	0.0123
5.3	-0.85	0.0136
5.3	-0.8	0.0087
5.3	-0.75	0.0022
5.3	-0.25	0.0024
5.3	-0.15	0.0032
5.3	-0.1	0.0184
5.3	-0.05	0.04
5.3	0	0.0493
5.3	0.05	0.0355
5.3	0.1	0.0136
5.3	0.25	0.0026
5.3	0.75	0.0039
5.3	0.8	0.0111
5.3	0.85	0.0152
5.3	0.9	0.0123
5.3	0.95	0.0056
5.35	-0.9	0.0032
5.35	-0.85	0.0034
5.35	-0.8	0.0021
5.35	-0.1	0.0052
5.35	-0.05	0.0108
5.35	0	0.0126
5.35	0.05	0.0088
5.35	0.1	0.0032
5.35	0.8	0.0031
5.35	0.85	0.004
5.35	0.9	0.0032
5.45	-0.05	0.0033
5.45	0	0.0053
5.45	0.05	0.005
5.45	0.1	0.0027
5.5	-0.9	0.0032
5.5	-0.85	0.0041
5.5	-0.8	0.0031
5.5	-0.1	0.0033
5.5	-0.05	0.0092
5.5	0	0.0135
5.5	0.05	0.0117
5.5	0.1	0.0057
5.5	0.8	0.0022
5.5	0.85	0.0037
5.5	0.9	0.0037
5.5	0.95	0.0021
5.55	-0.9	0.0035
5.55	-0.85	0.0045
5.55	-0.8	0.0034
5.55	-0.1	0.0036
5.55	-0.05	0.0102
5.55	0	0.0148
5.55	0.05	0.0128
5.55	0.1	0.0062
5.55	0.8	0.0024
5.55	0.85	0.0042
5.55	0.9	0.004
5.55	0.95	0.0023
5.6	-0.85	0.0026
5.6	-0.8	0.002
5.6	-0.05	0.0057
5.6	0	0.0086
5.6	0.05	0.0077
5.6	0.1	0.0039
5.6	0.85	0.0024
5.6	0.9	0.0024
5.75	-0.85	0.0021
5.75	-0.1	0.0028
5.75	-0.05	0.0062
5.75	0	0.0073
5.75	0.05	0.005
5.75	0.85	0.0022
5.8	-0.95	0.002
5.8	-0.9	0.0039
5.8	-0.85	0.0043
5.8	-0.8	0.0027
5.8	-0.1	0.0053
5.8	-0.05	0.0122
5.8	0	0.0151
5.8	0.05	0.0109
5.8	0.1	0.0039
5.8	0.8	0.0032
5.8	0.85	0.0045
5.8	0.9	0.0037
5.85	-0.95	0.0022
5.85	-0.9	0.0044
5.85	-0.85	0.0049
5.85	-0.8	0.0031
5.85	-0.1	0.0057
5.85	-0.05	0.0135
5.85	0	0.0171
5.85	0.05	0.0127
5.85	0.1	0.0048
5.85	0.8	0.0035
5.85	0.85	0.005
5.85	0.9	0.0042
5.9	-0.9	0.0028
5.9	-0.85	0.0032
5.9	-0.8	0.0021
5.9	-0.1	0.0036
5.9	-0.05	0.0088
5.9	0	0.0112
5.9	0.05	0.0085
5.9	0.1	0.0033
5.9	0.8	0.0022
5.9	0.85	0.0033
5.9	0.9	0.0028
5.95	-0.05	0.0022
5.95	0	0.0028
5.95	0.05	0.0022
6.05	-0.9	0.0023
6.05	-0.85	0.0026
6.05	-0.1	0.0028
6.05	-0.05	0.0069
6.05	0	0.009
6.05	0.05	0.0068
6.05	0.1	0.0026
6.05	0.85	0.0026
6.05	0.9	0.0022
6.1	-0.95	0.0032
6.1	-0.9	0.0065
6.1	-0.85	0.0074
6.1	-0.8	0.0049
6.1	-0.1	0.0079
6.1	-0.05	0.0198
6.1	0	0.0256
6.1	0.05	0.0194
6.1	0.1	0.0076
6.1	0.8	0.005
6.1	0.85	0.0075
6.1	0.9	0.0064
6.1	0.95	0.0031
6.15	-0.95	0.0052
6.15	-0.9	0.0106
6.15	-0.85	0.0122
6.15	-0.8	0.0079
6.15	-0.75	0.0022
6.15	-0.25	0.0027
6.15	-0.1	0.0129
6.15	-0.05	0.0324
6.15	0	0.0422
6.15	0.05	0.032
6.15	0.1	0.0127
6.15	0.25	0.0024
6.15	0.75	0.0021
6.15	0.8	0.0081
6.15	0.85	0.0122
6.15	0.9	0.0105
6.15	0.95	0.0051
6.2	-0.95	0.0061
6.2	-0.9	0.0124
6.2	-0.85	0.0144
6.2	-0.8	0.0094
6.2	-0.75	0.0026
6.2	-0.25	0.0032
6.2	-0.1	0.015
6.2	-0.05	0.038
6.2	0	0.0494
6.2	0.05	0.0377
6.2	0.1	0.0148
6.2	0.25	0.0028
6.2	0.75	0.0026
6.2	0.8	0.0095
6.2	0.85	0.0144
6.2	0.9	0.0123
6.2	0.95	0.006
6.25	-0.95	0.0055
6.25	-0.9	0.0114
6.25	-0.85	0.0131
6.25	-0.8	0.0086
6.25	-0.75	0.0024
6.25	-0.25	0.0028
6.25	-0.1	0.0139
6.25	-0.05	0.0345
6.25	0	0.0452
6.25	0.05	0.0343
6.25	0.1	0.0137
6.25	0.25	0.0025
6.25	0.75	0.0023
6.25	0.8	0.0086
6.25	0.85	0.0131
6.25	0.9	0.0112
6.25	0.95	0.0055
6.3	-0.95	0.0041
6.3	-0.9	0.0082
6.3	-0.85	0.0096
6.3	-0.8	0.0063
6.3	-0.1	0.0101
6.3	-0.05	0.0251
6.3	0	0.0326
6.3	0.05	0.0248
6.3	0.1	0.0098
6.3	0.8	0.0063
6.3	0.85	0.0095
6.3	0.9	0.0081
6.3	0.95	0.004
6.35	-0.95	0.0024
6.35	-0.9	0.0048
6.35	-0.85	0.0056
6.35	-0.8	0.0037
6.35	-0.1	0.0061
6.35	-0.05	0.0148
6.35	0	0.0192
6.35	0.05	0.0145
6.35	0.1	0.0057
6.35	0.8	0.0037
6.35	0.85	0.0056
6.35	0.9	0.0048
6.35	0.95	0.0023
6.4	-0.9	0.0024
6.4	-0.85	0.0028
6.4	-0.1	0.003
6.4	-0.05	0.0073
6.4	0	0.0095
6.4	0.05	0.0072
6.4	0.1	0.0029
6.4	0.85	0.0028
6.4	0.9	0.0023
6.45	-0.05	0.0033
6.45	0	0.0045
6.45	0.05	0.0035
6.5	0	0.002
6.7	-0.05	0.0041
6.7	0	0.005
6.7	0.05	0.0035
6.75	-0.1	0.0023
6.75	-0.05	0.0056
6.75	0	0.007
6.75	0.05	0.0051
6.75	0.85	0.0021
6.8	-0.05	0.0045
6.8	0	0.0058
6.8	0.05	0.0042
6.85	-0.05	0.0021
6.85	0	0.0027
6.9	0	0.0023
6.95	-0.9	0.0021
6.95	-0.85	0.0024
6.95	-0.1	0.0029
6.95	-0.05	0.0067
6.95	0	0.0084
6.95	0.05	0.0062
6.95	0.1	0.0025
6.95	0.85	0.0025
6.95	0.9	0.0021
7	-0.95	0.0024
7	-0.9	0.0048
7	-0.85	0.0055
7	-0.8	0.0036
7	-0.1	0.0062
7	-0.05	0.0149
7	0	0.0191
7	0.05	0.0146
7	0.1	0.0059
7	0.8	0.0039
7	0.85	0.0056
7	0.9	0.0048
7	0.95	0.0023
7.05	-0.95	0.0032
7.05	-0.9	0.0066
7.05	-0.85	0.0076
7.05	-0.8	0.0051
7.05	-0.1	0.0084
7.05	-0.05	0.0205
7.05	0	0.0266
7.05	0.05	0.0202
7.05	0.1	0.0082
7.05	0.8	0.0052
7.05	0.85	0.0078
7.05	0.9	0.0067
7.05	0.95	0.0033
7.1	-0.95	0.0027
7.1	-0.9	0.0056
7.1	-0.85	0.0065
7.1	-0.8	0.0044
7.1	-0.1	0.007
7.1	-0.05	0.0173
7.1	0	0.0227
7.1	0.05	0.0174
7.1	0.1	0.0071
7.1	0.8	0.0044
7.1	0.85	0.0066
7.1	0.9	0.0057
7.1	0.95	0.0028
7.15	-0.9	0.0022
7.15	-0.85	0.0025
7.15	-0.1	0.0027
7.15	-0.05	0.0066
7.15	0	0.0087
7.15	0.05	0.0069
7.15	0.1	0.0028
7.15	0.85	0.0026
7.15	0.9	0.0022
7.25	-0.95	0.0025
7.25	-0.9	0.0052
7.25	-0.85	0.006
7.25	-0.8	0.004
7.25	-0.1	0.0065
7.25	-0.05	0.0163
7.25	0	0.0213
7.25	0.05	0.016
7.25	0.1	0.0063
7.25	0.8	0.0041
7.25	0.85	0.0062
7.25	0.9	0.0053
7.25	0.95	0.0025
7.3	-1	0.0022
7.3	-0.95	0.0109
7.3	-0.9	0.0219
7.3	-0.85	0.0255
7.3	-0.8	0.017
7.3	-0.75	0.0049
7.3	-0.65	0.0022
7.3	-0.6	0.0027
7.3	-0.45	0.0026
7.3	-0.3	0.0026
7.3	-0.25	0.0052
7.3	-0.15	0.0023
7.3	-0.1	0.0269
7.3	-0.05	0.0672
7.3	0	0.0889
7.3	0.05	0.0679
7.3	0.1	0.0269
7.3	0.15	0.003
7.3	0.25	0.005
7.3	0.3	0.0024
7.3	0.45	0.0026
7.3	0.6	0.0029
7.3	0.65	0.0023
7.3	0.75	0.0046
7.3	0.8	0.0172
7.3	0.85	0.0261
7.3	0.9	0.0224
7.3	0.95	0.0109
7.3	1	0.0023
7.35	-1	0.0048
7.35	-0.95	0.0238
7.35	-0.9	0.049
7.35	-0.85	0.0572
7.35	-0.8	0.0381
7.35	-0.75	0.0107
7.35	-0.65	0.0048
7.35	-0.6	0.0062
7.35	-0.45	0.0057
7.35	-0.4	0.0039
7.35	-0.3	0.0059
7.35	-0.25	0.012
7.35	-0.2	0.0038
7.35	-0.15	0.0061
7.35	-0.1	0.0607
7.35	-0.05	0.1519
7.35	0	0.1989
7.35	0.05	0.1528
7.35	0.1	0.0616
7.35	0.15	0.0063
7.35	0.2	0.0035
7.35	0.25	0.0112
7.35	0.3	0.0055
7.35	0.4	0.0041
7.35	0.45	0.0057
7.35	0.6	0.0065
7.35	0.65	0.0053
7.35	0.75	0.0106
7.35	0.8	0.0382
7.35	0.85	0.0587
7.35	0.9	0.0501
7.35	0.95	0.0246
7.35	1	0.005
7.4	-1	0.0079
7.4	-0.95	0.0382
7.4	-0.9	0.0793
7.4	-0.85	0.0927
7.4	-0.8	0.0614
7.4	-0.75	0.0174
7.4	-0.65	0.0077
7.4	-0.6	0.0099
7.4	-0.45	0.0091
7.4	-0.4	0.0064
7.4	-0.3	0.0095
7.4	-0.25	0.0192
7.4	-0.2	0.0064
7.4	-0.15	0.0082
7.4	-0.1	0.0967
7.4	-0.05	0.2457
7.4	0	0.3238
7.4	0.05	0.249
7.4	0.1	0.1016
7.4	0.15	0.0108
7.4	0.2	0.0053
7.4	0.25	0.0182
7.4	0.3	0.0091
7.4	0.4	0.0066
7.4	0.45	0.0092
7.4	0.6	0.0106
7.4	0.65	0.0085
7.4	0.75	0.0164
7.4	0.8	0.0614
7.4	0.85	0.0937
7.4	0.9	0.0816
7.4	0.95	0.0399
7.4	1	0.0083
7.45	-1.15	0.0023
7.45	-1.1	0.0025
7.45	-1	0.0097
7.45	-0.95	0.049
7.45	-0.9	0.1015
7.45	-0.85	0.119
7.45	-0.8	0.0797
7.45	-0.75	0.0225
7.45	-0.65	0.01
7.45	-0.6	0.0129
7.45	-0.55	0.0025
7.45	-0.5	0.0025
7.45	-0.45	0.0119
7.45	-0.4	0.0083
7.45	-0.3	0.012
7.45	-0.25	0.0251
7.45	-0.2	0.0081
7.45	-0.15	0.0118
7.45	-0.1	0.1232
7.45	-0.05	0.315
7.45	0	0.4142
7.45	0.05	0.3195
7.45	0.1	0.1289
7.45	0.15	0.0133
7.45	0.2	0.0071
7.45	0.25	0.0235
7.45	0.3	0.0117
7.45	0.4	0.0083
7.45	0.45	0.012
7.45	0.5	0.0024
7.45	0.55	0.0026
7.45	0.6	0.0136
7.45	0.65	0.0112
7.45	0.75	0.0215
7.45	0.8	0.0785
7.45	0.85	0.1211
7.45	0.9	0.1044
7.45	0.95	0.0516
7.45	1	0.0107
7.45	1.1	0.0023
7.45	1.15	0.0022
7.5	-1.15	0.0024
7.5	-1.1	0.0027
7.5	-1	0.0104
7.5	-0.95	0.0517
7.5	-0.9	0.1077
7.5	-0.85	0.1262
7.5	-0.8	0.0843
7.5	-0.75	0.024
7.5	-0.65	0.0106
7.5	-0.6	0.0137
7.5	-0.55	0.0026
7.5	-0.5	0.0026
7.5	-0.45	0.0123
7.5	-0.4	0.0088
7.5	-0.3	0.0126
7.5	-0.25	0.0259
7.5	-0.2	0.0088
7.5	-0.15	0.0109
7.5	-0.1	0.1296
7.5	-0.05	0.3309
7.5	0	0.4394
7.5	0.05	0.3386
7.5	0.1	0.1376
7.5	0.15	0.0143
7.5	0.2	0.0072
7.5	0.25	0.025
7.5	0.3	0.0127
7.5	0.4	0.0088
7.5	0.45	0.0126
7.5	0.5	0.0028
7.5	0.55	0.0025
7.5	0.6	0.0144
7.5	0.65	0.0117
7.5	0.75	0.0218
7.5	0.8	0.0829
7.5	0.85	0.1271
7.5	0.9	0.1107
7.5	0.95	0.0544
7.5	1	0.0117
7.5	1.1	0.0025
7.5	1.15	0.0024
7.55	-1.15	0.0021
7.55	-1.1	0.0023
7.55	-1	0.0088
7.55	-0.95	0.0454
7.55	-0.9	0.0941
7.55	-0.85	0.1109
7.55	-0.8	0.0746
7.55	-0.75	0.0213
7.55	-0.65	0.0094
7.55	-0.6	0.0123
7.55	-0.55	0.0025
7.55	-0.5	0.0022
7.55	-0.45	0.011
7.55	-0.4	0.0078
7.55	-0.3	0.0109
7.55	-0.25	0.0232
7.55	-0.2	0.0077
7.55	-0.15	0.0112
7.55	-0.1	0.1129
7.55	-0.05	0.29
7.55	0	0.3835
7.55	0.05	0.2968
7.55	0.1	0.1202
7.55	0.15	0.0128
7.55	0.2	0.0065
7.55	0.25	0.0223
7.55	0.3	0.0113
7.55	0.4	0.0076
7.55	0.45	0.0113
7.55	0.5	0.0024
7.55	0.55	0.0024
7.55	0.6	0.0125
7.55	0.65	0.0105
7.55	0.75	0.0192
7.55	0.8	0.0726
7.55	0.85	0.1122
7.55	0.9	0.0969
7.55	0.95	0.048
7.55	1	0.01
7.55	1.1	0.0022
7.55	1.15	0.0021
7.6	-1	0.0065
7.6	-0.95	0.032
7.6	-0.9	0.0679
7.6	-0.85	0.0799
7.6	-0.8	0.0536
7.6	-0.75	0.0153
7.6	-0.65	0.0068
7.6	-0.6	0.0089
7.6	-0.45	0.0078
7.6	-0.4	0.0058
7.6	-0.3	0.0078
7.6	-0.25	0.0164
7.6	-0.2	0.0058
7.6	-0.15	0.0068
7.6	-0.1	0.0807
7.6	-0.05	0.2076
7.6	0	0.2773
7.6	0.05	0.2154
7.6	0.1	0.0881
7.6	0.15	0.0091
7.6	0.2	0.0047
7.6	0.25	0.0161
7.6	0.3	0.0083
7.6	0.4	0.0055
7.6	0.45	0.0081
7.6	0.6	0.009
7.6	0.65	0.0075
7.6	0.75	0.0134
7.6	0.8	0.0516
7.6	0.85	0.0802
7.6	0.9	0.0704
7.6	0.95	0.0346
7.6	1	0.0075
7.65	-1	0.0034
7.65	-0.95	0.0182
7.65	-0.9	0.0378
7.65	-0.85	0.0452
7.65	-0.8	0.0304
7.65	-0.75	0.0087
7.65	-0.65	0.0039
7.65	-0.6	0.0052
7.65	-0.45	0.0045
7.65	-0.4	0.0034
7.65	-0.3	0.0043
7.65	-0.25	0.0095
7.65	-0.2	0.0033
7.65	-0.15	0.0038
7.65	-0.1	0.0445
7.65	-0.05	0.1172
7.65	0	0.1555
7.65	0.05	0.1215
7.65	0.1	0.0494
7.65	0.15	0.0054
7.65	0.2	0.0028
7.65	0.25	0.0093
7.65	0.3	0.0048
7.65	0.4	0.003
7.65	0.45	0.0047
7.65	0.6	0.005
7.65	0.65	0.0044
7.65	0.75	0.0077
7.65	0.8	0.0289
7.65	0.85	0.0452
7.65	0.9	0.0398
7.65	0.95	0.0196
7.65	1	0.0041
7.7	-0.95	0.0071
7.7	-0.9	0.015
7.7	-0.85	0.0178
7.7	-0.8	0.0125
7.7	-0.75	0.0035
7.7	-0.6	0.0021
7.7	-0.25	0.0038
7.7	-0.1	0.0173
7.7	-0.05	0.0452
7.7	0	0.062
7.7	0.05	0.0484
7.7	0.1	0.0199
7.7	0.15	0.0021
7.7	0.25	0.0037
7.7	0.75	0.0027
7.7	0.8	0.0111
7.7	0.85	0.0176
7.7	0.9	0.0156
7.7	0.95	0.0079
7.75	-0.9	0.0027
7.75	-0.85	0.0034
7.75	-0.8	0.0024
7.75	-0.1	0.0028
7.75	-0.05	0.0083
7.75	0	0.0114
7.75	0.05	0.0093
7.75	0.1	0.004
7.75	0.85	0.0033
7.75	0.9	0.0029
7.85	-0.85	0.0022
7.85	-0.1	0.0029
7.85	-0.05	0.0065
7.85	0	0.0078
7.85	0.05	0.0056
7.85	0.1	0.0021
7.85	0.85	0.0024
7.9	-0.9	0.0038
7.9	-0.85	0.0043
7.9	-0.8	0.0027
7.9	-0.1	0.0053
7.9	-0.05	0.0123
7.9	0	0.0153
7.9	0.05	0.0111
7.9	0.1	0.0042
7.9	0.8	0.0032
7.9	0.85	0.0046
7.9	0.9	0.0038
7.95	-0.9	0.0035
7.95	-0.85	0.004
7.95	-0.8	0.0025
7.95	-0.1	0.0048
7.95	-0.05	0.0114
7.95	0	0.0142
7.95	0.05	0.0104
7.95	0.1	0.0039
7.95	0.8	0.003
7.95	0.85	0.0043
7.95	0.9	0.0035
8	-0.85	0.0021
8	-0.1	0.0025
8	-0.05	0.006
8	0	0.0075
8	0.05	0.0054
8	0.85	0.0022
8.15	-0.05	0.0037
8.15	0	0.005
8.15	0.05	0.004
8.2	-0.9	0.002
8.2	-0.85	0.0024
8.2	-0.1	0.0025
8.2	-0.05	0.0063
8.2	0	0.0084
8.2	0.05	0.0065
8.2	0.1	0.0027
8.2	0.85	0.0024
8.2	0.9	0.0021
8.25	-0.9	0.0021
8.25	-0.85	0.0025
8.25	-0.1	0.0026
8.25	-0.05	0.0065
8.25	0	0.0085
8.25	0.05	0.0066
8.25	0.1	0.0027
8.25	0.85	0.0025
8.25	0.9	0.0022
8.3	-0.05	0.0044
8.3	0	0.0057
8.3	0.05	0.0044
8.35	0	0.0022
-9.25	-0.9	0.0044
-9.25	-0.85	0.0055
-9.25	-0.8	0.0039
-9.2	-0.9	0.0025
-9.2	-0.85	0.0033
-9.2	-0.8	0.0024
-8.3	-0.05	0.0036
-8.3	0	0.0049
-8.3	0.05	0.0039
-8.25	-0.9	0.0022
-8.25	-0.85	0.0027
-8.25	-0.1	0.0026
-8.25	-0.05	0.0068
-8.25	0	0.0092
-8.25	0.05	0.0073
-8.25	0.1	0.0031
-8.25	0.85	0.0027
-8.25	0.9	0.0024
-8.2	-0.9	0.0031
-8.2	-0.85	0.0038
-8.2	-0.8	0.0026
-8.2	-0.1	0.0036
-8.2	-0.05	0.0095
-8.2	0	0.0129
-8.2	0.05	0.0104
-8.2	0.1	0.0045
-8.2	0.8	0.0023
-8.2	0.85	0.0037
-8.2	0.9	0.0033
-8.15	-0.9	0.0034
-8.15	-0.85	0.0041
-8.15	-0.8	0.0029
-8.15	-0.1	0.0039
-8.15	-0.05	0.0104
-8.15	0	0.0142
-8.15	0.05	0.0114
-8.15	0.1	0.005
-8.15	0.8	0.0025
-8.15	0.85	0.0041
-8.15	0.9	0.0036
-8.1	-0.9	0.003
-8.1	-0.85	0.0037
-8.1	-0.8	0.0026
-8.1	-0.1	0.0035
-8.1	-0.05	0.0091
-8.1	0	0.0126
-8.1	0.05	0.0102
-8.1	0.1	0.0045
-8.1	0.8	0.0023
-8.1	0.85	0.0036
-8.1	0.9	0.0032
-8.05	-0.9	0.0021
-8.05	-0.85	0.0026
-8.05	-0.1	0.0025
-8.05	-0.05	0.0065
-8.05	0	0.0089
-8.05	0.05	0.0072
-8.05	0.1	0.0032
-8.05	0.85	0.0026
-8.05	0.9	0.0023
-8	-0.05	0.0037
-8	0	0.0051
-8	0.05	0.0041
-7.95	0	0.0022
-7.7	0	0.0021
-7.65	-0.05	0.0025
-7.65	0	0.0031
-7.65	0.05	0.0022
-7.6	-0.05	0.0023
-7.6	0	0.0029
-7.6	0.05	0.0021
-7.45	-0.05	0.0042
-7.45	0	0.0052
-7.45	0.05	0.0039
-7.4	-0.9	0.0032
-7.4	-0.85	0.0036
-7.4	-0.8	0.0024
-7.4	-0.1	0.0041
-7.4	-0.05	0.01
-7.4	0	0.0128
-7.4	0.05	0.0097
-7.4	0.1	0.004
-7.4	0.8	0.0026
-7.4	0.85	0.0038
-7.4	0.9	0.0032
-7.35	-0.95	0.0024
-7.35	-0.9	0.0048
-7.35	-0.85	0.0056
-7.35	-0.8	0.0037
-7.35	-0.1	0.0061
-7.35	-0.05	0.0151
-7.35	0	0.0195
-7.35	0.05	0.015
-7.35	0.1	0.006
-7.35	0.8	0.0039
-7.35	0.85	0.0057
-7.35	0.9	0.0049
-7.35	0.95	0.0024
-7.3	-0.95	0.0022
-7.3	-0.9	0.0046
-7.3	-0.85	0.0053
-7.3	-0.8	0.0036
-7.3	-0.1	0.0057
-7.3	-0.05	0.0143
-7.3	0	0.0187
-7.3	0.05	0.0143
-7.3	0.1	0.0059
-7.3	0.8	0.0036
-7.3	0.85	0.0055
-7.3	0.9	0.0047
-7.3	0.95	0.0023
-7.25	-0.9	0.0021
-7.25	-0.85	0.0025
-7.25	-0.1	0.0026
-7.25	-0.05	0.0065
-7.25	0	0.0086
-7.25	0.05	0.0067
-7.25	0.1	0.0028
-7.25	0.85	0.0025
-7.25	0.9	0.0022
-7.15	-0.9	0.0039
-7.15	-0.85	0.0045
-7.15	-0.8	0.0029
-7.15	-0.1	0.0052
-7.15	-0.05	0.013
-7.15	0	0.0158
-7.15	0.05	0.0118
-7.15	0.1	0.0049
-7.15	0.8	0.0031
-7.15	0.85	0.0047
-7.15	0.9	0.004
-7.1	-1	0.0021
-7.1	-0.95	0.0096
-7.1	-0.9	0.0196
-7.1	-0.85	0.0225
-7.1	-0.8	0.0149
-7.1	-0.75	0.0039
-7.1	-0.6	0.0024
-7.1	-0.45	0.0022
-7.1	-0.3	0.0022
-7.1	-0.25	0.0043
-7.1	-0.15	0.0028
-7.1	-0.1	0.0249
-7.1	-0.05	0.0616
-7.1	0	0.0795
-7.1	0.05	0.0598
-7.1	0.1	0.0242
-7.1	0.15	0.0022
-7.1	0.25	0.0044
-7.1	0.3	0.0021
-7.1	0.45	0.0022
-7.1	0.6	0.0024
-7.1	0.75	0.0046
-7.1	0.8	0.0159
-7.1	0.85	0.0235
-7.1	0.9	0.0199
-7.1	0.95	0.0096
-7.1	1	0.002
-7.05	-1	0.0052
-7.05	-0.95	0.0241
-7.05	-0.9	0.0485
-7.05	-0.85	0.0564
-7.05	-0.8	0.0372
-7.05	-0.75	0.0104
-7.05	-0.65	0.0048
-7.05	-0.6	0.0059
-7.05	-0.45	0.0055
-7.05	-0.4	0.0037
-7.05	-0.3	0.0055
-7.05	-0.25	0.0107
-7.05	-0.2	0.0031
-7.05	-0.15	0.0061
-7.05	-0.1	0.0614
-7.05	-0.05	0.1512
-7.05	0	0.1971
-7.05	0.05	0.1508
-7.05	0.1	0.0592
-7.05	0.15	0.0064
-7.05	0.2	0.0034
-7.05	0.25	0.011
-7.05	0.3	0.0052
-7.05	0.4	0.0039
-7.05	0.45	0.0055
-7.05	0.6	0.0062
-7.05	0.65	0.0047
-7.05	0.75	0.011
-7.05	0.8	0.039
-7.05	0.85	0.0582
-7.05	0.9	0.0496
-7.05	0.95	0.024
-7.05	1	0.0049
-7	-1	0.0089
-7	-0.95	0.0418
-7	-0.9	0.0849
-7	-0.85	0.0989
-7	-0.8	0.0656
-7	-0.75	0.0184
-7	-0.65	0.0081
-7	-0.6	0.0106
-7	-0.5	0.0021
-7	-0.45	0.0095
-7	-0.4	0.0066
-7	-0.3	0.0097
-7	-0.25	0.0193
-7	-0.2	0.0055
-7	-0.15	0.0119
-7	-0.1	0.1079
-7	-0.05	0.2684
-7	0	0.3474
-7	0.05	0.2661
-7	0.1	0.1073
-7	0.15	0.0101
-7	0.2	0.006
-7	0.25	0.0191
-7	0.3	0.0095
-7	0.4	0.0067
-7	0.45	0.0096
-7	0.55	0.0021
-7	0.6	0.0106
-7	0.65	0.0083
-7	0.75	0.0195
-7	0.8	0.0677
-7	0.85	0.1027
-7	0.9	0.0875
-7	0.95	0.0425
-7	1	0.0088
-6.95	-1.15	0.0024
-6.95	-1.1	0.0026
-6.95	-1	0.0124
-6.95	-0.95	0.0582
-6.95	-0.9	0.1184
-6.95	-0.85	0.1378
-6.95	-0.8	0.0911
-6.95	-0.75	0.0259
-6.95	-0.65	0.0113
-6.95	-0.6	0.0144
-6.95	-0.55	0.0028
-6.95	-0.5	0.0027
-6.95	-0.45	0.0131
-6.95	-0.4	0.0092
-6.95	-0.3	0.0134
-6.95	-0.25	0.0263
-6.95	-0.2	0.0078
-6.95	-0.15	0.0142
-6.95	-0.1	0.1504
-6.95	-0.05	0.3717
-6.95	0	0.4845
-6.95	0.05	0.3714
-6.95	0.1	0.1497
-6.95	0.15	0.0158
-6.95	0.2	0.0078
-6.95	0.25	0.0269
-6.95	0.3	0.0133
-6.95	0.4	0.0094
-6.95	0.45	0.0133
-6.95	0.5	0.0028
-6.95	0.55	0.0028
-6.95	0.6	0.015
-6.95	0.65	0.0114
-6.95	0.75	0.0264
-6.95	0.8	0.0942
-6.95	0.85	0.1414
-6.95	0.9	0.1217
-6.95	0.95	0.0593
-6.95	1	0.0123
-6.95	1.1	0.0027
-6.95	1.15	0.0025
-6.9	-1.15	0.0028
-6.9	-1.1	0.0029
-6.9	-1	0.0139
-6.9	-0.95	0.0662
-6.9	-0.9	0.1351
-6.9	-0.85	0.1571
-6.9	-0.8	0.1047
-6.9	-0.75	0.0296
-6.9	-0.65	0.0129
-6.9	-0.6	0.0168
-6.9	-0.55	0.0033
-6.9	-0.5	0.0032
-6.9	-0.45	0.015
-6.9	-0.4	0.0105
-6.9	-0.3	0.015
-6.9	-0.25	0.0306
-6.9	-0.2	0.0088
-6.9	-0.15	0.018
-6.9	-0.1	0.1709
-6.9	-0.05	0.4249
-6.9	0	0.5513
-6.9	0.05	0.4233
-6.9	0.1	0.1705
-6.9	0.15	0.0174
-6.9	0.2	0.0094
-6.9	0.25	0.0305
-6.9	0.3	0.0153
-6.9	0.4	0.0106
-6.9	0.45	0.0153
-6.9	0.5	0.0031
-6.9	0.55	0.0034
-6.9	0.6	0.0169
-6.9	0.65	0.0133
-6.9	0.75	0.0308
-6.9	0.8	0.1072
-6.9	0.85	0.1629
-6.9	0.9	0.1387
-6.9	0.95	0.0683
-6.9	1	0.0143
-6.9	1.1	0.0031
-6.9	1.15	0.0029
-6.85	-1.15	0.0026
-6.85	-1.1	0.0028
-6.85	-1	0.0133
-6.85	-0.95	0.063
-6.85	-0.9	0.1285
-6.85	-0.85	0.1498
-6.85	-0.8	0.0994
-6.85	-0.75	0.0282
-6.85	-0.65	0.0124
-6.85	-0.6	0.0158
-6.85	-0.55	0.0031
-6.85	-0.5	0.0029
-6.85	-0.45	0.0142
-6.85	-0.4	0.01
-6.85	-0.3	0.0143
-6.85	-0.25	0.0283
-6.85	-0.2	0.0086
-6.85	-0.15	0.0152
-6.85	-0.1	0.1619
-6.85	-0.05	0.4001
-6.85	0	0.5249
-6.85	0.05	0.4024
-6.85	0.1	0.1627
-6.85	0.15	0.0173
-6.85	0.2	0.0085
-6.85	0.25	0.0293
-6.85	0.3	0.0147
-6.85	0.4	0.0102
-6.85	0.45	0.0145
-6.85	0.5	0.0031
-6.85	0.55	0.003
-6.85	0.6	0.0162
-6.85	0.65	0.0125
-6.85	0.75	0.0283
-6.85	0.8	0.102
-6.85	0.85	0.1533
-6.85	0.9	0.132
-6.85	0.95	0.0645
-6.85	1	0.0138
-6.85	1.1	0.0029
-6.85	1.15	0.0028
-6.8	-1.15	0.0021
-6.8	-1.1	0.0022
-6.8	-1	0.0102
-6.8	-0.95	0.049
-6.8	-0.9	0.0998
-6.8	-0.85	0.1166
-6.8	-0.8	0.0776
-6.8	-0.75	0.0221
-6.8	-0.65	0.0097
-6.8	-0.6	0.0126
-6.8	-0.55	0.0025
-6.8	-0.5	0.0023
-6.8	-0.45	0.0112
-6.8	-0.4	0.0078
-6.8	-0.3	0.011
-6.8	-0.25	0.0227
-6.8	-0.2	0.0066
-6.8	-0.15	0.0137
-6.8	-0.1	0.1257
-6.8	-0.05	0.3133
-6.8	0	0.4084
-6.8	0.05	0.3137
-6.8	0.1	0.1263
-6.8	0.15	0.0129
-6.8	0.2	0.007
-6.8	0.25	0.0229
-6.8	0.3	0.0115
-6.8	0.4	0.0078
-6.8	0.45	0.0114
-6.8	0.5	0.0024
-6.8	0.55	0.0025
-6.8	0.6	0.0125
-6.8	0.65	0.0099
-6.8	0.75	0.0223
-6.8	0.8	0.0795
-6.8	0.85	0.1209
-6.8	0.9	0.103
-6.8	0.95	0.0507
-6.8	1	0.0106
-6.8	1.1	0.0023
-6.8	1.15	0.0022
-6.75	-1	0.0062
-6.75	-0.95	0.0304
-6.75	-0.9	0.0618
-6.75	-0.85	0.0718
-6.75	-0.8	0.0473
-6.75	-0.75	0.0134
-6.75	-0.65	0.006
-6.75	-0.6	0.0077
-6.75	-0.45	0.0069
-6.75	-0.4	0.005
-6.75	-0.3	0.0069
-6.75	-0.25	0.0137
-6.75	-0.2	0.0042
-6.75	-0.15	0.0073
-6.75	-0.1	0.0788
-6.75	-0.05	0.1939
-6.75	0	0.2531
-6.75	0.05	0.1938
-6.75	0.1	0.0793
-6.75	0.15	0.0081
-6.75	0.2	0.0042
-6.75	0.25	0.0143
-6.75	0.3	0.0071
-6.75	0.4	0.0049
-6.75	0.45	0.007
-6.75	0.6	0.0078
-6.75	0.65	0.0062
-6.75	0.75	0.0135
-6.75	0.8	0.0493
-6.75	0.85	0.0742
-6.75	0.9	0.0642
-6.75	0.95	0.0313
-6.75	1	0.0066
-6.7	-1	0.0027
-6.7	-0.95	0.0133
-6.7	-0.9	0.0271
-6.7	-0.85	0.0317
-6.7	-0.8	0.0211
-6.7	-0.75	0.0059
-6.7	-0.65	0.0028
-6.7	-0.6	0.0035
-6.7	-0.45	0.0031
-6.7	-0.4	0.0022
-6.7	-0.3	0.003
-6.7	-0.25	0.0063
-6.7	-0.15	0.0036
-6.7	-0.1	0.0344
-6.7	-0.05	0.086
-6.7	0	0.1117
-6.7	0.05	0.0858
-6.7	0.1	0.0342
-6.7	0.15	0.0037
-6.7	0.25	0.0065
-6.7	0.3	0.0032
-6.7	0.4	0.0022
-6.7	0.45	0.0032
-6.7	0.6	0.0034
-6.7	0.65	0.0028
-6.7	0.75	0.006
-6.7	0.8	0.0218
-6.7	0.85	0.0331
-6.7	0.9	0.0285
-6.7	0.95	0.014
-6.7	1	0.0028
-6.65	-0.95	0.003
-6.65	-0.9	0.0063
-6.65	-0.85	0.0073
-6.65	-0.8	0.0049
-6.65	-0.1	0.0081
-6.65	-0.05	0.0198
-6.65	0	0.0258
-6.65	0.05	0.0196
-6.65	0.1	0.0077
-6.65	0.8	0.005
-6.65	0.85	0.0076
-6.65	0.9	0.0065
-6.65	0.95	0.0031
-6.55	-0.9	0.0029
-6.55	-0.85	0.0034
-6.55	-0.8	0.0023
-6.55	-0.1	0.0037
-6.55	-0.05	0.0089
-6.55	0	0.0116
-6.55	0.05	0.009
-6.55	0.1	0.0038
-6.55	0.8	0.0022
-6.55	0.85	0.0034
-6.55	0.9	0.0029
-6.5	-0.95	0.0033
-6.5	-0.9	0.0068
-6.5	-0.85	0.008
-6.5	-0.8	0.0054
-6.5	-0.1	0.0086
-6.5	-0.05	0.0213
-6.5	0	0.0278
-6.5	0.05	0.0216
-6.5	0.1	0.0089
-6.5	0.8	0.0054
-6.5	0.85	0.0082
-6.5	0.9	0.007
-6.5	0.95	0.0035
-6.45	-0.95	0.0035
-6.45	-0.9	0.0072
-6.45	-0.85	0.0084
-6.45	-0.8	0.0057
-6.45	-0.1	0.009
-6.45	-0.05	0.0223
-6.45	0	0.0295
-6.45	0.05	0.0228
-6.45	0.1	0.0094
-6.45	0.8	0.0056
-6.45	0.85	0.0085
-6.45	0.9	0.0074
-6.45	0.95	0.0037
-6.4	-0.9	0.004
-6.4	-0.85	0.0048
-6.4	-0.8	0.0032
-6.4	-0.1	0.0049
-6.4	-0.05	0.0126
-6.4	0	0.0165
-6.4	0.05	0.0129
-6.4	0.1	0.0053
-6.4	0.8	0.0032
-6.4	0.85	0.0048
-6.4	0.9	0.0042
-6.4	0.95	0.0021
-6.35	-0.05	0.0024
-6.35	0	0.0031
-6.35	0.05	0.0026
-6.25	-0.9	0.0026
-6.25	-0.85	0.003
-6.25	-0.1	0.0037
-6.25	-0.05	0.0086
-6.25	0	0.011
-6.25	0.05	0.0083
-6.25	0.1	0.0033
-6.25	0.8	0.0022
-6.25	0.85	0.0032
-6.25	0.9	0.0027
-6.2	-0.95	0.0027
-6.2	-0.9	0.0055
-6.2	-0.85	0.0063
-6.2	-0.8	0.0041
-6.2	-0.1	0.0073
-6.2	-0.05	0.0178
-6.2	0	0.0227
-6.2	0.05	0.0172
-6.2	0.1	0.0068
-6.2	0.8	0.0045
-6.2	0.85	0.0067
-6.2	0.9	0.0057
-6.2	0.95	0.0027
-6.15	-0.95	0.0031
-6.15	-0.9	0.0063
-6.15	-0.85	0.0072
-6.15	-0.8	0.0047
-6.15	-0.1	0.0083
-6.15	-0.05	0.0202
-6.15	0	0.026
-6.15	0.05	0.0196
-6.15	0.1	0.0078
-6.15	0.8	0.0051
-6.15	0.85	0.0076
-6.15	0.9	0.0065
-6.15	0.95	0.0031
-6.1	-0.95	0.0022
-6.1	-0.9	0.0044
-6.1	-0.85	0.0051
-6.1	-0.8	0.0033
-6.1	-0.1	0.0057
-6.1	-0.05	0.014
-6.1	0	0.018
-6.1	0.05	0.0137
-6.1	0.1	0.0054
-6.1	0.8	0.0036
-6.1	0.85	0.0053
-6.1	0.9	0.0045
-6.1	0.95	0.0022
-6.05	-0.05	0.0048
-6.05	0	0.0062
-6.05	0.05	0.0047
-5.95	-0.05	0.0038
-5.95	0	0.0048
-5.95	0.05	0.0036
-5.9	-0.95	0.002
-5.9	-0.9	0.0041
-5.9	-0.85	0.0047
-5.9	-0.8	0.0029
-5.9	-0.1	0.0053
-5.9	-0.05	0.0134
-5.9	0	0.0171
-5.9	0.05	0.0128
-5.9	0.1	0.0049
-5.9	0.8	0.0034
-5.9	0.85	0.0051
-5.9	0.9	0.0043
-5.9	0.95	0.002
-5.85	-0.95	0.0034
-5.85	-0.9	0.0068
-5.85	-0.85	0.0077
-5.85	-0.8	0.0049
-5.85	-0.1	0.009
-5.85	-0.05	0.0223
-5.85	0	0.0284
-5.85	0.05	0.0209
-5.85	0.1	0.0078
-5.85	0.8	0.0058
-5.85	0.85	0.0086
-5.85	0.9	0.0072
-5.85	0.95	0.0034
-5.8	-0.95	0.0039
-5.8	-0.9	0.0077
-5.8	-0.85	0.0087
-5.8	-0.8	0.0054
-5.8	-0.25	0.0021
-5.8	-0.1	0.0103
-5.8	-0.05	0.0252
-5.8	0	0.032
-5.8	0.05	0.0235
-5.8	0.1	0.0086
-5.8	0.25	0.0021
-5.8	0.8	0.0067
-5.8	0.85	0.0097
-5.8	0.9	0.0081
-5.8	0.95	0.0037
-5.75	-0.95	0.0033
-5.75	-0.9	0.0065
-5.75	-0.85	0.0073
-5.75	-0.8	0.0045
-5.75	-0.1	0.009
-5.75	-0.05	0.0218
-5.75	0	0.0272
-5.75	0.05	0.0196
-5.75	0.1	0.007
-5.75	0.8	0.0058
-5.75	0.85	0.0084
-5.75	0.9	0.0068
-5.75	0.95	0.0031
-5.7	-0.95	0.0022
-5.7	-0.9	0.0044
-5.7	-0.85	0.0048
-5.7	-0.8	0.0028
-5.7	-0.1	0.0063
-5.7	-0.05	0.0147
-5.7	0	0.0181
-5.7	0.05	0.0128
-5.7	0.1	0.0044
-5.7	0.8	0.0039
-5.7	0.85	0.0056
-5.7	0.9	0.0046
-5.65	-0.9	0.0024
-5.65	-0.85	0.0025
-5.65	-0.1	0.0035
-5.65	-0.05	0.0082
-5.65	0	0.0098
-5.65	0.05	0.0068
-5.65	0.1	0.0022
-5.65	0.8	0.0022
-5.65	0.85	0.0031
-5.65	0.9	0.0025
-5.6	-0.05	0.0041
-5.6	0	0.005
-5.6	0.05	0.0035
-5.55	-0.05	0.0022
-5.55	0	0.0028
-5.55	0.05	0.0022
-5.3	-0.05	0.0024
-5.3	0	0.0029
-5.3	0.05	0.0021
-5.25	-0.05	0.0029
-5.25	0	0.0037
-5.25	0.05	0.0028
-5.2	-0.05	0.0021
-5.2	0	0.0028
-5.2	0.05	0.0021
-5.05	0	0.0023
-5	-0.05	0.0043
-5	0	0.0054
-5	0.05	0.004
-4.95	-0.1	0.0023
-4.95	-0.05	0.0055
-4.95	0	0.007
-4.95	0.05	0.0053
-4.95	0.1	0.0021
-4.95	0.85	0.002
-4.9	-0.05	0.0042
-4.9	0	0.0054
-4.9	0.05	0.0041
-4.75	-0.05	0.0024
-4.75	0	0.0033
-4.75	0.05	0.0027
-4.7	-0.9	0.0028
-4.7	-0.85	0.0034
-4.7	-0.8	0.0024
-4.7	-0.1	0.0027
-4.7	-0.05	0.0081
-4.7	0	0.0115
-4.7	0.05	0.0093
-4.7	0.1	0.0039
-4.7	0.85	0.0032
-4.7	0.9	0.0029
-4.65	-0.95	0.0021
-4.65	-0.9	0.005
-4.65	-0.85	0.0063
-4.65	-0.8	0.0044
-4.65	-0.25	0.0022
-4.65	-0.1	0.0045
-4.65	-0.05	0.0143
-4.65	0	0.0207
-4.65	0.05	0.017
-4.65	0.1	0.0071
-4.65	0.8	0.0033
-4.65	0.85	0.0057
-4.65	0.9	0.0053
-4.65	0.95	0.0027
-4.6	-0.95	0.0024
-4.6	-0.9	0.0061
-4.6	-0.85	0.008
-4.6	-0.8	0.0057
-4.6	-0.25	0.003
-4.6	-0.1	0.0051
-4.6	-0.05	0.0173
-4.6	0	0.0258
-4.6	0.05	0.0214
-4.6	0.1	0.0092
-4.6	0.8	0.0039
-4.6	0.85	0.0071
-4.6	0.9	0.0067
-4.6	0.95	0.0035
-4.55	-0.95	0.0021
-4.55	-0.9	0.0056
-4.55	-0.85	0.0076
-4.55	-0.8	0.0056
-4.55	-0.25	0.0033
-4.55	-0.2	0.0024
-4.55	-0.1	0.0039
-4.55	-0.05	0.0152
-4.55	0	0.024
-4.55	0.05	0.0207
-4.55	0.1	0.009
-4.55	0.8	0.0034
-4.55	0.85	0.0065
-4.55	0.9	0.0063
-4.55	0.95	0.0034
-4.5	-0.9	0.0038
-4.5	-0.85	0.0055
-4.5	-0.8	0.0043
-4.5	-0.25	0.003
-4.5	-0.2	0.0027
-4.5	-0.1	0.002
-4.5	-0.05	0.0098
-4.5	0	0.0168
-4.5	0.05	0.0152
-4.5	0.1	0.0071
-4.5	0.8	0.0021
-4.5	0.85	0.0044
-4.5	0.9	0.0046
-4.5	0.95	0.0026
-4.45	-0.85	0.003
-4.45	-0.8	0.0025
-4.45	-0.25	0.0022
-4.45	-0.2	0.0026
-4.45	-0.05	0.0041
-4.45	0	0.0086
-4.45	0.05	0.0087
-4.45	0.1	0.0044
-4.45	0.85	0.0021
-4.45	0.9	0.0025
-4.4	-0.2	0.0022
-4.4	0	0.0031
-4.4	0.05	0.0039
-4.4	0.1	0.0023
-4.05	0.05	0.0021
-4	0.05	0.0022
-3.8	-0.05	0.0039
-3.8	0	0.0043
-3.8	0.05	0.0027
-3.75	-0.1	0.0024
-3.75	-0.05	0.0053
-3.75	0	0.0065
-3.75	0.05	0.0045
-3.75	0.85	0.002
-3.7	-0.05	0.0039
-3.7	0	0.0049
-3.7	0.05	0.0035
-3.55	-0.9	0.0036
-3.55	-0.85	0.0042
-3.55	-0.8	0.0028
-3.55	-0.1	0.0045
-3.55	-0.05	0.0114
-3.55	0	0.015
-3.55	0.05	0.0116
-3.55	0.1	0.0046
-3.55	0.8	0.0027
-3.55	0.85	0.0042
-3.55	0.9	0.0037
-3.5	-0.95	0.0049
-3.5	-0.9	0.0103
-3.5	-0.85	0.0125
-3.5	-0.8	0.0084
-3.5	-0.75	0.0024
-3.5	-0.25	0.0031
-3.5	-0.1	0.0126
-3.5	-0.05	0.033
-3.5	0	0.0438
-3.5	0.05	0.0342
-3.5	0.1	0.0141
-3.5	0.25	0.0026
-3.5	0.75	0.0021
-3.5	0.8	0.008
-3.5	0.85	0.0123
-3.5	0.9	0.0108
-3.5	0.95	0.0053
-3.45	-0.95	0.0089
-3.45	-0.9	0.019
-3.45	-0.85	0.0228
-3.45	-0.8	0.0157
-3.45	-0.75	0.0047
-3.45	-0.6	0.0024
-3.45	-0.3	0.0028
-3.45	-0.25	0.0055
-3.45	-0.2	0.002
-3.45	-0.1	0.0229
-3.45	-0.05	0.06
-3.45	0	0.0809
-3.45	0.05	0.0631
-3.45	0.1	0.0261
-3.45	0.15	0.0028
-3.45	0.25	0.0043
-3.45	0.3	0.0023
-3.45	0.6	0.003
-3.45	0.65	0.0025
-3.45	0.75	0.0037
-3.45	0.8	0.0145
-3.45	0.85	0.0226
-3.45	0.9	0.0198
-3.45	0.95	0.0099
-3.45	1	0.0021
-3.4	-1	0.0022
-3.4	-0.95	0.0121
-3.4	-0.9	0.0261
-3.4	-0.85	0.0316
-3.4	-0.8	0.0217
-3.4	-0.75	0.0067
-3.4	-0.65	0.0023
-3.4	-0.6	0.0031
-3.4	-0.45	0.0029
-3.4	-0.3	0.0036
-3.4	-0.25	0.0073
-3.4	-0.2	0.0028
-3.4	-0.15	0.0023
-3.4	-0.1	0.0306
-3.4	-0.05	0.0811
-3.4	0	0.1097
-3.4	0.05	0.0871
-3.4	0.1	0.0363
-3.4	0.15	0.0044
-3.4	0.25	0.0057
-3.4	0.3	0.0029
-3.4	0.4	0.002
-3.4	0.45	0.0029
-3.4	0.6	0.004
-3.4	0.65	0.0033
-3.4	0.75	0.0049
-3.4	0.8	0.0195
-3.4	0.85	0.0304
-3.4	0.9	0.0267
-3.4	0.95	0.0134
-3.4	1	0.003
-3.35	-1	0.0025
-3.35	-0.95	0.013
-3.35	-0.9	0.0281
-3.35	-0.85	0.034
-3.35	-0.8	0.0237
-3.35	-0.75	0.0073
-3.35	-0.65	0.0023
-3.35	-0.6	0.0033
-3.35	-0.45	0.0032
-3.35	-0.4	0.0022
-3.35	-0.3	0.0037
-3.35	-0.25	0.0077
-3.35	-0.2	0.0029
-3.35	-0.15	0.0027
-3.35	-0.1	0.0328
-3.35	-0.05	0.0867
-3.35	0	0.1175
-3.35	0.05	0.0929
-3.35	0.1	0.0396
-3.35	0.15	0.0046
-3.35	0.25	0.0058
-3.35	0.3	0.003
-3.35	0.4	0.0023
-3.35	0.45	0.0032
-3.35	0.6	0.004
-3.35	0.65	0.0034
-3.35	0.75	0.0053
-3.35	0.8	0.0207
-3.35	0.85	0.0325
-3.35	0.9	0.0286
-3.35	0.95	0.0144
-3.35	1	0.0032
-3.3	-1	0.0021
-3.3	-0.95	0.0113
-3.3	-0.9	0.0243
-3.3	-0.85	0.0296
-3.3	-0.8	0.0206
-3.3	-0.75	0.0066
-3.3	-0.6	0.0027
-3.3	-0.45	0.0028
-3.3	-0.3	0.003
-3.3	-0.25	0.0064
-3.3	-0.2	0.0024
-3.3	-0.15	0.0021
-3.3	-0.1	0.0282
-3.3	-0.05	0.0743
-3.3	0	0.1007
-3.3	0.05	0.0803
-3.3	0.1	0.0342
-3.3	0.15	0.0046
-3.3	0.25	0.0049
-3.3	0.3	0.0025
-3.3	0.45	0.0028
-3.3	0.6	0.0034
-3.3	0.65	0.0028
-3.3	0.75	0.0046
-3.3	0.8	0.0179
-3.3	0.85	0.0279
-3.3	0.9	0.0246
-3.3	0.95	0.0124
-3.3	1	0.0028
-3.25	-0.95	0.0079
-3.25	-0.9	0.0169
-3.25	-0.85	0.0205
-3.25	-0.8	0.0144
-3.25	-0.75	0.0046
-3.25	-0.3	0.002
-3.25	-0.25	0.0042
-3.25	-0.1	0.0198
-3.25	-0.05	0.0522
-3.25	0	0.0701
-3.25	0.05	0.0553
-3.25	0.1	0.024
-3.25	0.15	0.003
-3.25	0.25	0.0032
-3.25	0.6	0.0022
-3.25	0.75	0.0034
-3.25	0.8	0.0125
-3.25	0.85	0.0195
-3.25	0.9	0.0171
-3.25	0.95	0.0087
-3.25	1	0.002
-3.2	-0.95	0.0045
-3.2	-0.9	0.0096
-3.2	-0.85	0.0116
-3.2	-0.8	0.0081
-3.2	-0.75	0.0027
-3.2	-0.25	0.0022
-3.2	-0.1	0.0112
-3.2	-0.05	0.029
-3.2	0	0.0392
-3.2	0.05	0.0312
-3.2	0.1	0.0135
-3.2	0.8	0.007
-3.2	0.85	0.0107
-3.2	0.9	0.0094
-3.2	0.95	0.0048
-3.15	-0.95	0.002
-3.15	-0.9	0.0043
-3.15	-0.85	0.0051
-3.15	-0.8	0.0036
-3.15	-0.1	0.0049
-3.15	-0.05	0.0127
-3.15	0	0.0171
-3.15	0.05	0.0137
-3.15	0.1	0.006
-3.15	0.8	0.0029
-3.15	0.85	0.0046
-3.15	0.9	0.0041
-3.15	0.95	0.0021
-3.1	-0.05	0.0037
-3.1	0	0.0053
-3.1	0.05	0.0045
-3.1	0.1	0.0022
-2.95	-0.9	0.0024
-2.95	-0.85	0.0024
-2.95	-0.1	0.0041
-2.95	-0.05	0.0079
-2.95	0	0.0087
-2.95	0.05	0.0057
-2.95	0.8	0.002
-2.95	0.85	0.0026
-2.9	-0.95	0.0031
-2.9	-0.9	0.0058
-2.9	-0.85	0.006
-2.9	-0.8	0.0035
-2.9	-0.1	0.0082
-2.9	-0.05	0.0176
-2.9	0	0.0208
-2.9	0.05	0.0143
-2.9	0.1	0.0049
-2.9	0.8	0.0043
-2.9	0.85	0.0059
-2.9	0.9	0.0046
-2.85	-0.95	0.0042
-2.85	-0.9	0.008
-2.85	-0.85	0.0088
-2.85	-0.8	0.0054
-2.85	-0.25	0.0021
-2.85	-0.1	0.0102
-2.85	-0.05	0.024
-2.85	0	0.0294
-2.85	0.05	0.021
-2.85	0.1	0.0074
-2.85	0.8	0.0058
-2.85	0.85	0.0083
-2.85	0.9	0.0066
-2.85	0.95	0.003
-2.8	-0.95	0.0035
-2.8	-0.9	0.0071
-2.8	-0.85	0.0079
-2.8	-0.8	0.0049
-2.8	-0.25	0.0021
-2.8	-0.1	0.0084
-2.8	-0.05	0.0208
-2.8	0	0.0265
-2.8	0.05	0.0192
-2.8	0.1	0.007
-2.8	0.8	0.0049
-2.8	0.85	0.0073
-2.8	0.9	0.0061
-2.8	0.95	0.0027
-2.75	-0.9	0.004
-2.75	-0.85	0.0045
-2.75	-0.8	0.0027
-2.75	-0.1	0.0047
-2.75	-0.05	0.012
-2.75	0	0.0152
-2.75	0.05	0.0109
-2.75	0.1	0.0038
-2.75	0.8	0.0028
-2.75	0.85	0.0042
-2.75	0.9	0.0035
-2.7	-0.95	0.0025
-2.7	-0.9	0.0046
-2.7	-0.85	0.0049
-2.7	-0.8	0.003
-2.7	-0.1	0.0063
-2.7	-0.05	0.014
-2.7	0	0.017
-2.7	0.05	0.0118
-2.7	0.1	0.0043
-2.7	0.8	0.0034
-2.7	0.85	0.0048
-2.7	0.9	0.0038
-2.65	-0.95	0.0082
-2.65	-0.9	0.0153
-2.65	-0.85	0.0171
-2.65	-0.8	0.0109
-2.65	-0.75	0.003
-2.65	-0.25	0.0029
-2.65	-0.15	0.0029
-2.65	-0.1	0.0199
-2.65	-0.05	0.0448
-2.65	0	0.0553
-2.65	0.05	0.0408
-2.65	0.1	0.0159
-2.65	0.25	0.0022
-2.65	0.75	0.0036
-2.65	0.8	0.0108
-2.65	0.85	0.0152
-2.65	0.9	0.0124
-2.65	0.95	0.0058
-2.6	-1	0.0042
-2.6	-0.95	0.0178
-2.6	-0.9	0.0352
-2.6	-0.85	0.0399
-2.6	-0.8	0.0259
-2.6	-0.75	0.0074
-2.6	-0.65	0.0026
-2.6	-0.6	0.0033
-2.6	-0.45	0.0033
-2.6	-0.3	0.0043
-2.6	-0.25	0.0071
-2.6	-0.15	0.0052
-2.6	-0.1	0.0426
-2.6	-0.05	0.1009
-2.6	0	0.128
-2.6	0.05	0.0957
-2.6	0.1	0.0389
-2.6	0.15	0.0042
-2.6	0.25	0.0055
-2.6	0.3	0.0027
-2.6	0.4	0.0023
-2.6	0.45	0.0028
-2.6	0.6	0.0039
-2.6	0.65	0.0027
-2.6	0.75	0.0073
-2.6	0.8	0.0237
-2.6	0.85	0.0344
-2.6	0.9	0.0289
-2.6	0.95	0.0138
-2.6	1	0.0031
-2.55	-1	0.0055
-2.55	-0.95	0.0258
-2.55	-0.9	0.0512
-2.55	-0.85	0.0591
-2.55	-0.8	0.0389
-2.55	-0.75	0.0113
-2.55	-0.65	0.0041
-2.55	-0.6	0.0052
-2.55	-0.45	0.0051
-2.55	-0.4	0.003
-2.55	-0.3	0.0063
-2.55	-0.25	0.0114
-2.55	-0.2	0.0031
-2.55	-0.15	0.0067
-2.55	-0.1	0.0603
-2.55	-0.05	0.147
-2.55	0	0.1875
-2.55	0.05	0.1421
-2.55	0.1	0.0571
-2.55	0.15	0.0065
-2.55	0.2	0.0024
-2.55	0.25	0.0086
-2.55	0.3	0.0041
-2.55	0.4	0.0033
-2.55	0.45	0.0043
-2.55	0.6	0.006
-2.55	0.65	0.0043
-2.55	0.75	0.01
-2.55	0.8	0.034
-2.55	0.85	0.0504
-2.55	0.9	0.0427
-2.55	0.95	0.0208
-2.55	1	0.0043
-2.5	-1	0.005
-2.5	-0.95	0.0238
-2.5	-0.9	0.0483
-2.5	-0.85	0.0557
-2.5	-0.8	0.0372
-2.5	-0.75	0.0107
-2.5	-0.65	0.0037
-2.5	-0.6	0.005
-2.5	-0.45	0.0046
-2.5	-0.4	0.0029
-2.5	-0.3	0.006
-2.5	-0.25	0.011
-2.5	-0.2	0.0034
-2.5	-0.15	0.0052
-2.5	-0.1	0.0546
-2.5	-0.05	0.1347
-2.5	0	0.1758
-2.5	0.05	0.1336
-2.5	0.1	0.0551
-2.5	0.15	0.006
-2.5	0.2	0.0022
-2.5	0.25	0.008
-2.5	0.3	0.004
-2.5	0.4	0.0031
-2.5	0.45	0.0039
-2.5	0.6	0.0056
-2.5	0.65	0.0043
-2.5	0.75	0.0084
-2.5	0.8	0.0302
-2.5	0.85	0.0455
-2.5	0.9	0.0394
-2.5	0.95	0.0193
-2.5	1	0.0043
-2.45	-0.95	0.0101
-2.45	-0.9	0.0209
-2.45	-0.85	0.0247
-2.45	-0.8	0.0169
-2.45	-0.75	0.005
-2.45	-0.6	0.0021
-2.45	-0.3	0.0027
-2.45	-0.25	0.0052
-2.45	-0.15	0.0021
-2.45	-0.1	0.0214
-2.45	-0.05	0.0556
-2.45	0	0.0749
-2.45	0.05	0.0582
-2.45	0.1	0.0248
-2.45	0.15	0.003
-2.45	0.25	0.0035
-2.45	0.6	0.0026
-2.45	0.65	0.0021
-2.45	0.75	0.003
-2.45	0.8	0.0123
-2.45	0.85	0.019
-2.45	0.9	0.0165
-2.45	0.95	0.0085
-2.4	0	0.0025
-2.35	-1	0.006
-2.35	-0.95	0.0261
-2.35	-0.9	0.0529
-2.35	-0.85	0.0588
-2.35	-0.8	0.0383
-2.35	-0.75	0.0107
-2.35	-0.65	0.0052
-2.35	-0.6	0.0062
-2.35	-0.45	0.0057
-2.35	-0.4	0.0037
-2.35	-0.3	0.0053
-2.35	-0.25	0.01
-2.35	-0.2	0.0028
-2.35	-0.15	0.0077
-2.35	-0.1	0.0606
-2.35	-0.05	0.143
-2.35	0	0.1828
-2.35	0.05	0.1354
-2.35	0.1	0.0518
-2.35	0.15	0.004
-2.35	0.2	0.0032
-2.35	0.25	0.0101
-2.35	0.3	0.0048
-2.35	0.4	0.0037
-2.35	0.45	0.0049
-2.35	0.6	0.0051
-2.35	0.65	0.0036
-2.35	0.75	0.0097
-2.35	0.8	0.0333
-2.35	0.85	0.0492
-2.35	0.9	0.0404
-2.35	0.95	0.0194
-2.35	1	0.0038
-2.3	-1.15	0.0056
-2.3	-1.1	0.0057
-2.3	-1	0.0271
-2.3	-0.95	0.1244
-2.3	-0.9	0.2511
-2.3	-0.85	0.2835
-2.3	-0.8	0.1826
-2.3	-0.75	0.0494
-2.3	-0.65	0.0224
-2.3	-0.6	0.0284
-2.3	-0.55	0.0048
-2.3	-0.5	0.0061
-2.3	-0.45	0.0257
-2.3	-0.4	0.0179
-2.3	-0.3	0.0262
-2.3	-0.25	0.05
-2.3	-0.2	0.0139
-2.3	-0.15	0.0306
-2.3	-0.1	0.2771
-2.3	-0.05	0.6818
-2.3	0	0.8689
-2.3	0.05	0.6491
-2.3	0.1	0.2606
-2.3	0.15	0.0238
-2.3	0.2	0.0146
-2.3	0.25	0.0453
-2.3	0.3	0.0221
-2.3	0.4	0.0163
-2.3	0.45	0.022
-2.3	0.5	0.0043
-2.3	0.55	0.0048
-2.3	0.6	0.0242
-2.3	0.65	0.0186
-2.3	0.75	0.0434
-2.3	0.8	0.1499
-2.3	0.85	0.2234
-2.3	0.9	0.1904
-2.3	0.95	0.0905
-2.3	1	0.0182
-2.3	1.1	0.0042
-2.3	1.15	0.0037
-2.25	-1.8	0.0024
-2.25	-1.3	0.0039
-2.25	-1.15	0.0142
-2.25	-1.1	0.0146
-2.25	-1	0.0665
-2.25	-0.95	0.3154
-2.25	-0.9	0.6367
-2.25	-0.85	0.7335
-2.25	-0.8	0.4761
-2.25	-0.75	0.13
-2.25	-0.65	0.0568
-2.25	-0.6	0.0701
-2.25	-0.55	0.0131
-2.25	-0.5	0.0135
-2.25	-0.45	0.063
-2.25	-0.4	0.0428
-2.25	-0.3	0.0622
-2.25	-0.25	0.124
-2.25	-0.2	0.0364
-2.25	-0.15	0.0686
-2.25	-0.1	0.659
-2.25	-0.05	1.6325
-2.25	0	2.1182
-2.25	0.05	1.6105
-2.25	0.1	0.6445
-2.25	0.15	0.0691
-2.25	0.2	0.0345
-2.25	0.25	0.1143
-2.25	0.3	0.0534
-2.25	0.4	0.0393
-2.25	0.45	0.0549
-2.25	0.5	0.0104
-2.25	0.55	0.0122
-2.25	0.6	0.0604
-2.25	0.65	0.0463
-2.25	0.7	0.0029
-2.25	0.75	0.1014
-2.25	0.8	0.3568
-2.25	0.85	0.5322
-2.25	0.9	0.4551
-2.25	0.95	0.221
-2.25	1	0.046
-2.25	1.1	0.0099
-2.25	1.15	0.0092
-2.25	1.3	0.0026
-2.2	-2.55	0.0026
-2.2	-1.85	0.0037
-2.2	-1.8	0.0045
-2.2	-1.75	0.0021
-2.2	-1.35	0.0035
-2.2	-1.3	0.0074
-2.2	-1.25	0.0021
-2.2	-1.2	0.0037
-2.2	-1.15	0.0248
-2.2	-1.1	0.0265
-2.2	-1.05	0.0024
-2.2	-1	0.1174
-2.2	-0.95	0.5521
-2.2	-0.9	1.1345
-2.2	-0.85	1.3107
-2.2	-0.8	0.8688
-2.2	-0.75	0.2375
-2.2	-0.7	0.0068
-2.2	-0.65	0.1042
-2.2	-0.6	0.1307
-2.2	-0.55	0.0237
-2.2	-0.5	0.0251
-2.2	-0.45	0.1122
-2.2	-0.4	0.0781
-2.2	-0.35	0.0024
-2.2	-0.3	0.1091
-2.2	-0.25	0.2184
-2.2	-0.2	0.0651
-2.2	-0.15	0.1165
-2.2	-0.1	1.1492
-2.2	-0.05	2.8186
-2.2	0	3.6772
-2.2	0.05	2.8026
-2.2	0.1	1.1156
-2.2	0.15	0.1041
-2.2	0.2	0.0604
-2.2	0.25	0.1952
-2.2	0.3	0.0984
-2.2	0.4	0.0694
-2.2	0.45	0.0963
-2.2	0.5	0.0199
-2.2	0.55	0.0206
-2.2	0.6	0.1063
-2.2	0.65	0.0825
-2.2	0.75	0.1734
-2.2	0.8	0.6131
-2.2	0.85	0.9268
-2.2	0.9	0.7913
-2.2	0.95	0.3858
-2.2	1	0.0824
-2.2	1.1	0.0171
-2.2	1.15	0.0157
-2.2	1.2	0.0023
-2.2	1.3	0.0046
-2.2	1.35	0.0021
-2.2	1.8	0.0025
-2.15	-2.05	0.0025
-2.15	-2	0.0026
-2.15	-1.8	0.0059
-2.15	-1.75	0.0049
-2.15	-1.5	0.0026
-2.15	-1.45	0.0023
-2.15	-1.35	0.0049
-2.15	-1.3	0.0104
-2.15	-1.25	0.0031
-2.15	-1.2	0.0049
-2.15	-1.15	0.0362
-2.15	-1.1	0.0382
-2.15	-1	0.159
-2.15	-0.95	0.7669
-2.15	-0.9	1.555
-2.15	-0.85	1.8188
-2.15	-0.8	1.1958
-2.15	-0.75	0.338
-2.15	-0.7	0.0049
-2.15	-0.65	0.1479
-2.15	-0.6	0.1859
-2.15	-0.55	0.0353
-2.15	-0.5	0.0338
-2.15	-0.45	0.1644
-2.15	-0.4	0.1127
-2.15	-0.35	0.0046
-2.15	-0.3	0.1573
-2.15	-0.25	0.3132
-2.15	-0.2	0.0986
-2.15	-0.15	0.1537
-2.15	-0.1	1.5817
-2.15	-0.05	3.9293
-2.15	0	5.0881
-2.15	0.05	3.8866
-2.15	0.1	1.5513
-2.15	0.15	0.1647
-2.15	0.2	0.0815
-2.15	0.25	0.2766
-2.15	0.3	0.1352
-2.15	0.35	0.0046
-2.15	0.4	0.0945
-2.15	0.45	0.1354
-2.15	0.5	0.0288
-2.15	0.55	0.0286
-2.15	0.6	0.1495
-2.15	0.65	0.1168
-2.15	0.7	0.0063
-2.15	0.75	0.24
-2.15	0.8	0.862
-2.15	0.85	1.293
-2.15	0.9	1.1044
-2.15	0.95	0.5372
-2.15	1	0.1097
-2.15	1.05	0.0021
-2.15	1.1	0.0236
-2.15	1.15	0.0223
-2.15	1.2	0.003
-2.15	1.3	0.0063
-2.15	1.35	0.0029
-2.15	1.8	0.0034
-2.15	1.85	0.0024
-2.15	2.6	0.002
-2.1	-2.05	0.0043
-2.1	-2	0.0032
-2.1	-1.85	0.0045
-2.1	-1.8	0.0093
-2.1	-1.75	0.0023
-2.1	-1.5	0.0064
-2.1	-1.45	0.0058
-2.1	-1.35	0.0071
-2.1	-1.3	0.0132
-2.1	-1.25	0.0035
-2.1	-1.2	0.0058
-2.1	-1.15	0.0409
-2.1	-1.1	0.045
-2.1	-1.05	0.0027
-2.1	-1	0.1947
-2.1	-0.95	0.9212
-2.1	-0.9	1.8598
-2.1	-0.85	2.1216
-2.1	-0.8	1.3874
-2.1	-0.75	0.3801
-2.1	-0.7	0.0073
-2.1	-0.65	0.164
-2.1	-0.6	0.2136
-2.1	-0.55	0.0403
-2.1	-0.5	0.0396
-2.1	-0.45	0.1876
-2.1	-0.4	0.1333
-2.1	-0.35	0.0057
-2.1	-0.3	0.1834
-2.1	-0.25	0.3719
-2.1	-0.2	0.1137
-2.1	-0.15	0.1928
-2.1	-0.1	1.8663
-2.1	-0.05	4.6251
-2.1	0	5.9758
-2.1	0.05	4.5174
-2.1	0.1	1.8112
-2.1	0.15	0.1657
-2.1	0.2	0.0965
-2.1	0.25	0.3133
-2.1	0.3	0.1568
-2.1	0.35	0.0025
-2.1	0.4	0.1062
-2.1	0.45	0.1518
-2.1	0.5	0.0316
-2.1	0.55	0.0311
-2.1	0.6	0.1651
-2.1	0.65	0.1333
-2.1	0.75	0.2712
-2.1	0.8	0.9794
-2.1	0.85	1.4865
-2.1	0.9	1.2733
-2.1	0.95	0.6219
-2.1	1	0.1299
-2.1	1.1	0.0275
-2.1	1.15	0.0257
-2.1	1.2	0.0037
-2.1	1.25	0.0021
-2.1	1.3	0.0071
-2.1	1.35	0.0034
-2.1	1.8	0.0038
-2.1	1.85	0.0027
-2.1	2.55	0.0021
-2.1	2.6	0.0023
-2.05	-1.85	0.0263
-2.05	-1.8	0.0256
-2.05	-1.35	0.002
-2.05	-1.3	0.0149
-2.05	-1.25	0.0077
-2.05	-1.2	0.0118
-2.05	-1.15	0.0648
-2.05	-1.1	0.0537
-2.05	-1	0.1808
-2.05	-0.95	0.8677
-2.05	-0.9	1.7783
-2.05	-0.85	2.1073
-2.05	-0.8	1.3935
-2.05	-0.75	0.3946
-2.05	-0.7	0.0047
-2.05	-0.65	0.1658
-2.05	-0.6	0.2067
-2.05	-0.55	0.041
-2.05	-0.5	0.0347
-2.05	-0.45	0.1749
-2.05	-0.4	0.1235
-2.05	-0.35	0.0035
-2.05	-0.3	0.169
-2.05	-0.25	0.3441
-2.05	-0.2	0.1113
-2.05	-0.15	0.1636
-2.05	-0.1	1.7803
-2.05	-0.05	4.4487
-2.05	0	5.7798
-2.05	0.05	4.4222
-2.05	0.1	1.7632
-2.05	0.15	0.184
-2.05	0.2	0.0922
-2.05	0.25	0.3121
-2.05	0.3	0.1536
-2.05	0.35	0.0036
-2.05	0.4	0.1023
-2.05	0.45	0.1472
-2.05	0.5	0.0324
-2.05	0.55	0.0295
-2.05	0.6	0.1589
-2.05	0.65	0.1252
-2.05	0.7	0.0076
-2.05	0.75	0.2527
-2.05	0.8	0.9177
-2.05	0.85	1.3877
-2.05	0.9	1.1954
-2.05	0.95	0.5825
-2.05	1	0.1221
-2.05	1.05	0.0021
-2.05	1.1	0.0263
-2.05	1.15	0.0251
-2.05	1.2	0.0036
-2.05	1.3	0.0069
-2.05	1.35	0.0033
-2.05	1.8	0.0035
-2.05	1.85	0.0025
-2.05	2.6	0.0022
-2	-1.65	0.0024
-2	-1.35	0.0098
-2	-1.3	0.0159
-2	-1.15	0.0074
-2	-1.1	0.0136
-2	-1.05	0.0026
-2	-1	0.3771
-2	-0.95	1.7146
-2	-0.9	2.1703
-2	-0.85	1.9295
-2	-0.8	1.1329
-2	-0.75	0.2971
-2	-0.7	0.0079
-2	-0.65	0.1314
-2	-0.6	0.1732
-2	-0.55	0.0335
-2	-0.5	0.0308
-2	-0.45	0.1444
-2	-0.4	0.1016
-2	-0.35	0.0031
-2	-0.3	0.1298
-2	-0.25	0.2668
-2	-0.2	0.0817
-2	-0.15	0.1378
-2	-0.1	1.3477
-2	-0.05	3.3912
-2	0	4.4253
-2	0.05	3.3887
-2	0.1	1.3656
-2	0.15	0.1278
-2	0.2	0.0733
-2	0.25	0.2454
-2	0.3	0.1241
-2	0.35	0.0024
-2	0.4	0.0805
-2	0.45	0.1177
-2	0.5	0.0247
-2	0.55	0.0232
-2	0.6	0.1228
-2	0.65	0.0996
-2	0.75	0.2009
-2	0.8	0.7157
-2	0.85	1.0855
-2	0.9	0.9284
-2	0.95	0.454
-2	1	0.0948
-2	1.1	0.0206
-2	1.15	0.0194
-2	1.2	0.0028
-2	1.3	0.0053
-2	1.35	0.0026
-2	1.8	0.0028
-1.95	-1.45	0.0052
-1.95	-1.35	0.0098
-1.95	-1.3	0.0035
-1.95	-1.15	0.0125
-1.95	-1.1	0.0286
-1.95	-1	0.025
-1.95	-0.95	0.0882
-1.95	-0.9	0.1952
-1.95	-0.85	0.3216
-1.95	-0.8	0.5691
-1.95	-0.75	0.3882
-1.95	-0.7	0.0036
-1.95	-0.65	0.1202
-1.95	-0.6	0.1179
-1.95	-0.55	0.0213
-1.95	-0.5	0.0163
-1.95	-0.45	0.0871
-1.95	-0.4	0.0627
-1.95	-0.35	0.0023
-1.95	-0.3	0.0863
-1.95	-0.25	0.1748
-1.95	-0.2	0.0563
-1.95	-0.15	0.0809
-1.95	-0.1	0.8594
-1.95	-0.05	2.0991
-1.95	0	2.698
-1.95	0.05	2.0477
-1.95	0.1	0.8067
-1.95	0.15	0.0845
-1.95	0.2	0.0458
-1.95	0.25	0.1514
-1.95	0.3	0.0773
-1.95	0.35	0.0028
-1.95	0.4	0.0498
-1.95	0.45	0.0725
-1.95	0.5	0.0172
-1.95	0.55	0.0133
-1.95	0.6	0.0776
-1.95	0.65	0.0609
-1.95	0.7	0.0041
-1.95	0.75	0.1255
-1.95	0.8	0.452
-1.95	0.85	0.6805
-1.95	0.9	0.58
-1.95	0.95	0.2813
-1.95	1	0.0589
-1.95	1.1	0.0129
-1.95	1.15	0.0122
-1.95	1.3	0.0033
-1.9	-1.2	0.0188
-1.9	-1.15	0.0556
-1.9	-1.1	0.0076
-1.9	-1	0.0107
-1.9	-0.95	0.0611
-1.9	-0.9	0.2315
-1.9	-0.85	0.7475
-1.9	-0.8	0.2476
-1.9	-0.75	0.0205
-1.9	-0.65	0.0077
-1.9	-0.6	0.0156
-1.9	-0.55	0.006
-1.9	-0.5	0.0242
-1.9	-0.45	0.0901
-1.9	-0.4	0.0373
-1.9	-0.3	0.0332
-1.9	-0.25	0.0699
-1.9	-0.2	0.0236
-1.9	-0.15	0.0386
-1.9	-0.1	0.3923
-1.9	-0.05	1.0187
-1.9	0	1.3077
-1.9	0.05	0.9743
-1.9	0.1	0.3777
-1.9	0.15	0.0343
-1.9	0.2	0.0212
-1.9	0.25	0.0667
-1.9	0.3	0.0334
-1.9	0.4	0.0208
-1.9	0.45	0.0312
-1.9	0.5	0.0068
-1.9	0.55	0.0055
-1.9	0.6	0.0323
-1.9	0.65	0.0271
-1.9	0.75	0.0547
-1.9	0.8	0.1987
-1.9	0.85	0.3031
-1.9	0.9	0.2587
-1.9	0.95	0.1266
-1.9	1	0.0259
-1.9	1.1	0.0059
-1.9	1.15	0.0056
-1.85	-1	0.0949
-1.85	-0.95	0.4739
-1.85	-0.9	0.1311
-1.85	-0.85	0.0481
-1.85	-0.8	0.0185
-1.85	-0.75	0.0041
-1.85	-0.65	0.0192
-1.85	-0.6	0.0267
-1.85	-0.3	0.0046
-1.85	-0.25	0.0408
-1.85	-0.2	0.0233
-1.85	-0.15	0.0098
-1.85	-0.1	0.0704
-1.85	-0.05	0.179
-1.85	0	0.2484
-1.85	0.05	0.2074
-1.85	0.1	0.0844
-1.85	0.15	0.0095
-1.85	0.2	0.0056
-1.85	0.25	0.0177
-1.85	0.3	0.0084
-1.85	0.4	0.0051
-1.85	0.45	0.0074
-1.85	0.6	0.0072
-1.85	0.65	0.006
-1.85	0.75	0.0115
-1.85	0.8	0.0439
-1.85	0.85	0.0652
-1.85	0.9	0.0562
-1.85	0.95	0.0271
-1.85	1	0.0053
-1.8	-0.8	0.0074
-1.8	-0.05	0.002
-1.8	0	0.0029
-1.8	0.05	0.0077
-1.75	-0.9	0.0031
-1.75	-0.85	0.0046
-1.75	-0.8	0.004
-1.75	-0.65	0.0023
-1.75	-0.6	0.0095
-1.75	-0.55	0.0109
-1.75	-0.5	0.0049
-1.75	-0.45	0.0033
-1.75	-0.25	0.0024
-1.75	-0.15	0.0146
-1.75	-0.1	0.1564
-1.75	-0.05	0.0628
-1.75	0	0.0457
-1.75	0.05	0.023
-1.75	0.1	0.008
-1.75	0.25	0.0113
-1.75	0.3	0.0149
-1.75	0.45	0.0025
-1.75	0.6	0.0055
-1.75	0.65	0.0044
-1.75	0.75	0.0095
-1.75	0.8	0.0323
-1.75	0.85	0.0449
-1.75	0.9	0.0364
-1.75	0.95	0.0173
-1.75	1	0.0035
-1.7	-0.9	0.0039
-1.7	-0.85	0.005
-1.7	-0.8	0.0038
-1.7	-0.45	0.005
-1.7	-0.4	0.0101
-1.7	-0.35	0.0049
-1.7	-0.3	0.0839
-1.7	-0.25	0.022
-1.7	-0.2	0.0031
-1.7	-0.15	0.0028
-1.7	-0.1	0.0212
-1.7	-0.05	0.0586
-1.7	0	0.1361
-1.7	0.05	0.4267
-1.7	0.1	0.6187
-1.7	0.15	0.024
-1.7	0.2	0.0056
-1.7	0.25	0.0059
-1.7	0.45	0.0035
-1.7	0.55	0.0038
-1.7	0.6	0.0129
-1.7	0.65	0.0034
-1.7	0.75	0.0175
-1.7	0.8	0.0766
-1.7	0.85	0.132
-1.7	0.9	0.1118
-1.7	0.95	0.0514
-1.7	1	0.0097
-1.7	1.1	0.0022
-1.65	-0.9	0.003
-1.65	-0.85	0.0037
-1.65	-0.8	0.0026
-1.65	-0.3	0.0023
-1.65	-0.25	0.008
-1.65	-0.2	0.0069
-1.65	-0.15	0.104
-1.65	-0.1	1.515
-1.65	-0.05	0.6998
-1.65	0	0.1923
-1.65	0.05	0.0724
-1.65	0.1	0.0217
-1.65	0.15	0.002
-1.65	0.2	0.0022
-1.65	0.25	0.0127
-1.65	0.3	0.0228
-1.65	0.4	0.0186
-1.65	0.45	0.0059
-1.65	0.6	0.0022
-1.65	0.75	0.0357
-1.65	0.8	0.2642
-1.65	0.85	0.1308
-1.65	0.9	0.042
-1.65	0.95	0.0208
-1.65	1	0.0072
-1.65	1.1	0.0036
-1.65	1.15	0.0031
-1.6	-0.1	0.0148
-1.6	-0.05	0.0624
-1.6	0	0.1781
-1.6	0.05	0.4741
-1.6	0.1	0.9827
-1.6	0.15	0.0454
-1.6	0.2	0.003
-1.6	0.25	0.0044
-1.6	0.45	0.0029
-1.6	0.55	0.0049
-1.6	0.6	0.0892
-1.6	0.65	0.0152
-1.6	0.75	0.0045
-1.6	0.8	0.0114
-1.6	0.85	0.0164
-1.6	0.9	0.0174
-1.6	0.95	0.0158
-1.6	1	0.0102
-1.55	-0.1	0.0026
-1.55	-0.05	0.0072
-1.55	0	0.0111
-1.55	0.05	0.0102
-1.55	0.1	0.0051
-1.55	0.25	0.0083
-1.55	0.3	0.0293
-1.55	0.4	0.0024
-1.55	0.75	0.0147
-1.55	0.8	0.2635
-1.55	0.85	0.2778
-1.55	0.9	0.0484
-1.55	0.95	0.0078
-1.5	-0.05	0.0022
-1.5	0	0.0031
-1.5	0.05	0.0026
-1.5	0.5	0.0044
-1.5	0.55	0.0036
-1.5	0.6	0.0032
-1.5	0.8	0.0029
-1.5	0.85	0.0056
-1.5	0.9	0.0072
-1.5	0.95	0.0066
-1.5	1	0.0059
-1.45	0	0.0026
-1.45	0.05	0.0021
-1.45	0.75	0.0323
-1.45	0.8	0.0297
-1.45	0.85	0.008
-1.45	0.9	0.0039
-1.4	-0.05	0.0023
-1.4	0	0.0031
-1.4	0.05	0.0026
-1.4	0.8	0.0026
-1.4	0.85	0.0071
-1.4	0.9	0.0182
-1.4	0.95	0.0767
-1.4	1	0.0068
-1.35	-0.05	0.0024
-1.35	0	0.0034
-1.35	0.05	0.0028
-1.35	1.15	0.0024
-1.3	-0.05	0.0021
-1.3	0	0.003
-1.3	0.05	0.0025
-1.25	0	0.0021
-1.1	-0.1	0.0127
-1.1	-0.05	1.0603
-1.1	0	4.2343
-1.1	0.05	0.3612
-1.1	0.1	0.1234
-1.1	0.15	0.0078
-1.1	0.25	0.005
-1.1	0.3	0.0043
-1.1	0.45	0.005
-1.1	0.5	0.0406
-1.1	0.6	0.0096
-1.1	0.65	0.0183
-1.1	0.8	0.0036
-1.1	0.85	0.0036
-1.1	0.9	0.0022
-1.05	-0.25	0.2994
-1.05	-0.2	0.0082
-1.05	-0.1	0.0049
-1.05	-0.05	0.0089
-1.05	0	0.0099
-1.05	0.05	0.0072
-1.05	0.1	0.0027
-1.05	0.75	0.0027
-1.05	0.8	0.0318
-1.05	0.85	0.5522
-1.05	0.9	1.2908
-1.05	0.95	0.2087
-1.05	1	0.0033
-1	-0.4	0.0037
-1	-0.35	0.0067
-1	-0.05	0.0025
-1	0	0.0033
-1	0.05	0.0026
-1	0.8	0.002
-1	0.85	0.0044
-1	0.9	0.0059
-1	0.95	0.0052
-1	1	0.0028
-1	1.1	0.02
-1	1.15	0.0539
-0.95	-0.45	0.3656
-0.9	-0.55	0.0084
-0.85	-0.6	0.1437
-0.85	1.8	0.0026
-0.85	1.85	0.0021
-0.65	-0.8	0.0095
-0.6	-0.85	0.0327
-0.5	-0.9	0.0219
-0.4	-0.95	0.0046
-0.25	-1	0.0091